C   26Al + 32Si -->  56Ni                                                 
H:  X  Y  '57Cu  '
C 57Cu  
  35.0  0.285E-11;  36.6  0.154E-09;  38.3  0.527E-08;  39.4  0.333E-07;
  40.5  0.173E-06;  41.0  0.357E-06;  43.2  0.391E-05;  45.4  0.508E-05;
  47.6  0.243E-04;  49.9  0.844E-04;  52.1  0.379E-03;  54.3  0.590E-03;
  56.5  0.436E-02;  58.7  0.110E-01;
H:  X  Y  '56Cu  '
C 56Cu  
  35.0  0.513E-10;  36.6  0.705E-08;  38.3  0.544E-06;  39.4  0.564E-05;
  40.5  0.516E-04;  41.0  0.138E-03;  43.2  0.210E-02;  45.4  0.511E-02;
  47.6  0.582E-02;  49.9  0.615E-02;  52.1  0.173E-02;  54.3  0.370E-02;
  56.5  0.423E-02;  58.7  0.323E-02;
H:  X  Y  '55Cu  '
C 55Cu  
  35.0  0.000E+00;  36.6  0.000E+00;  38.3  0.000E+00;  39.4  0.000E+00;
  40.5  0.000E+00;  41.0  0.000E+00;  43.2  0.000E+00;  45.4  0.791E-09;
  47.6  0.237E-06;  49.9  0.220E-05;  52.1  0.114E-04;  54.3  0.251E-04;
  56.5  0.455E-04;  58.7  0.483E-04;
H:  X  Y  '57Ni  '
C 57Ni  
  35.0  0.535E-09;  36.6  0.278E-07;  38.3  0.673E-06;  39.4  0.357E-05;
  40.5  0.163E-04;  41.0  0.449E-04;  43.2  0.152E-03;  45.4  0.101E-02;
  47.6  0.790E-02;  49.9  0.344E-01;  52.1  0.115E+00;  54.3  0.403E+00;
  56.5  0.134E+01;  58.7  0.354E+01;
H:  X  Y  '56Ni  '
C 56Ni  
  35.0  0.528E-07;  36.6  0.450E-05;  38.3  0.196E-03;  39.4  0.165E-02;
  40.5  0.114E-01;  41.0  0.270E-01;  43.2  0.373E+00;  45.4  0.104E+01;
  47.6  0.139E+01;  49.9  0.264E+01;  52.1  0.486E+01;  54.3  0.772E+01;
  56.5  0.102E+02;  58.7  0.134E+02;
H:  X  Y  '55Ni  '
C 55Ni  
  35.0  0.270E-10;  36.6  0.156E-07;  38.3  0.288E-05;  39.4  0.619E-04;
  40.5  0.913E-03;  41.0  0.310E-02;  43.2  0.931E-01;  45.4  0.364E+00;
  47.6  0.655E+00;  49.9  0.833E+00;  52.1  0.930E+00;  54.3  0.911E+00;
  56.5  0.849E+00;  58.7  0.782E+00;
H:  X  Y  '54Ni  '
C 54Ni  
  35.0  0.000E+00;  36.6  0.000E+00;  38.3  0.000E+00;  39.4  0.000E+00;
  40.5  0.000E+00;  41.0  0.000E+00;  43.2  0.000E+00;  45.4  0.000E+00;
  47.6  0.000E+00;  49.9  0.343E-05;  52.1  0.270E-04;  54.3  0.146E-03;
  56.5  0.591E-03;  58.7  0.170E-02;
H:  X  Y  '56Co  '
C 56Co  
  35.0  0.263E-06;  36.6  0.208E-04;  38.3  0.901E-03;  39.4  0.751E-02;
  40.5  0.547E-01;  41.0  0.127E+00;  43.2  0.156E+01;  45.4  0.414E+01;
  47.6  0.652E+01;  49.9  0.117E+02;  52.1  0.230E+02;  54.3  0.398E+02;
  56.5  0.660E+02;  58.7  0.995E+02;
H:  X  Y  '55Co  '
C 55Co  
  35.0  0.210E-06;  36.6  0.321E-04;  38.3  0.244E-02;  39.4  0.315E-01;
  40.5  0.306E+00;  41.0  0.852E+00;  43.2  0.149E+02;  45.4  0.427E+02;
  47.6  0.589E+02;  49.9  0.628E+02;  52.1  0.635E+02;  54.3  0.619E+02;
  56.5  0.586E+02;  58.7  0.537E+02;
H:  X  Y  '54Co  '
C 54Co  
  35.0  0.155E-09;  36.6  0.107E-07;  38.3  0.345E-06;  39.4  0.284E-05;
  40.5  0.166E-04;  41.0  0.354E-04;  43.2  0.114E-02;  45.4  0.149E-01;
  47.6  0.754E-01;  49.9  0.220E+00;  52.1  0.889E+00;  54.3  0.144E+01;
  56.5  0.249E+01;  58.7  0.365E+01;
H:  X  Y  '53Co  '
C 53Co  
  35.0  0.645E-09;  36.6  0.915E-07;  38.3  0.584E-05;  39.4  0.600E-04;
  40.5  0.508E-03;  41.0  0.120E-02;  43.2  0.192E-01;  45.4  0.573E-01;
  47.6  0.857E-01;  49.9  0.878E-01;  52.1  0.121E+00;  54.3  0.125E+00;
  56.5  0.159E+00;  58.7  0.183E+00;
H:  X  Y  '52Co  '
C 52Co  
  35.0  0.000E+00;  36.6  0.000E+00;  38.3  0.000E+00;  39.4  0.000E+00;
  40.5  0.000E+00;  41.0  0.000E+00;  43.2  0.000E+00;  45.4  0.000E+00;
  47.6  0.182E-04;  49.9  0.152E-03;  52.1  0.579E-03;  54.3  0.147E-02;
  56.5  0.318E-02;  58.7  0.481E-02;
H:  X  Y  '55Fe  '
C 55Fe  
  35.0  0.663E-06;  36.6  0.911E-04;  38.3  0.625E-02;  39.4  0.762E-01;
  40.5  0.725E+00;  41.0  0.200E+01;  43.2  0.359E+02;  45.4  0.108E+03;
  47.6  0.157E+03;  49.9  0.187E+03;  52.1  0.205E+03;  54.3  0.219E+03;
  56.5  0.215E+03;  58.7  0.209E+03;
H:  X  Y  '54Fe  '
C 54Fe  
  35.0  0.294E-09;  36.6  0.422E-06;  38.3  0.135E-03;  39.4  0.400E-02;
  40.5  0.760E-01;  41.0  0.301E+00;  43.2  0.988E+01;  45.4  0.415E+02;
  47.6  0.940E+02;  49.9  0.144E+03;  52.1  0.181E+03;  54.3  0.199E+03;
  56.5  0.221E+03;  58.7  0.230E+03;
H:  X  Y  '53Fe  '
C 53Fe  
  35.0  0.935E-07;  36.6  0.105E-04;  38.3  0.595E-03;  39.4  0.625E-02;
  40.5  0.483E-01;  41.0  0.126E+00;  43.2  0.180E+01;  45.4  0.475E+01;
  47.6  0.774E+01;  49.9  0.126E+02;  52.1  0.185E+02;  54.3  0.248E+02;
  56.5  0.310E+02;  58.7  0.371E+02;
H:  X  Y  '52Fe  '
C 52Fe  
  35.0  0.754E-09;  36.6  0.302E-06;  38.3  0.406E-04;  39.4  0.778E-03;
  40.5  0.102E-01;  41.0  0.353E-01;  43.2  0.847E+00;  45.4  0.291E+01;
  47.6  0.519E+01;  49.9  0.816E+01;  52.1  0.101E+02;  54.3  0.105E+02;
  56.5  0.104E+02;  58.7  0.973E+01;
H:  X  Y  '51Fe  '
C 51Fe  
  35.0  0.000E+00;  36.6  0.000E+00;  38.3  0.000E+00;  39.4  0.000E+00;
  40.5  0.000E+00;  41.0  0.000E+00;  43.2  0.000E+00;  45.4  0.000E+00;
  47.6  0.000E+00;  49.9  0.000E+00;  52.1  0.183E-03;  54.3  0.116E-02;
  56.5  0.474E-02;  58.7  0.153E-01;
H:  X  Y  '54Mn  '
C 54Mn  
  35.0  0.134E-13;  36.6  0.292E-09;  38.3  0.297E-06;  39.4  0.238E-04;
  40.5  0.728E-03;  41.0  0.320E-02;  43.2  0.316E+00;  45.4  0.211E+01;
  47.6  0.667E+01;  49.9  0.145E+02;  52.1  0.247E+02;  54.3  0.428E+02;
  56.5  0.551E+02;  58.7  0.635E+02;
H:  X  Y  '53Mn  '
C 53Mn  
  35.0  0.000E+00;  36.6  0.000E+00;  38.3  0.000E+00;  39.4  0.000E+00;
  40.5  0.000E+00;  41.0  0.000E+00;  43.2  0.000E+00;  45.4  0.514E-04;
  47.6  0.329E-02;  49.9  0.594E-01;  52.1  0.392E+00;  54.3  0.185E+01;
  56.5  0.640E+01;  58.7  0.160E+02;
H:  X  Y  '52Mn  '
C 52Mn  
  35.0  0.124E-07;  36.6  0.396E-05;  38.3  0.449E-03;  39.4  0.707E-02;
  40.5  0.883E-01;  41.0  0.265E+00;  43.2  0.646E+01;  45.4  0.245E+02;
  47.6  0.459E+02;  49.9  0.675E+02;  52.1  0.825E+02;  54.3  0.908E+02;
  56.5  0.924E+02;  58.7  0.888E+02;
H:  X  Y  '51Mn  '
C 51Mn  
  35.0  0.000E+00;  36.6  0.000E+00;  38.3  0.000E+00;  39.4  0.000E+00;
  40.5  0.126E-06;  41.0  0.222E-05;  43.2  0.131E-02;  45.4  0.252E-01;
  47.6  0.172E+00;  49.9  0.678E+00;  52.1  0.220E+01;  54.3  0.519E+01;
  56.5  0.936E+01;  58.7  0.145E+02;
H:  X  Y  '50Mn  '
C 50Mn  
  35.0  0.210E-09;  36.6  0.512E-07;  38.3  0.513E-05;  39.4  0.753E-04;
  40.5  0.840E-03;  41.0  0.247E-02;  43.2  0.457E-01;  45.4  0.156E+00;
  47.6  0.282E+00;  49.9  0.480E+00;  52.1  0.679E+00;  54.3  0.815E+00;
  56.5  0.804E+00;  58.7  0.749E+00;
H:  X  Y  '49Mn  '
C 49Mn  
  35.0  0.000E+00;  36.6  0.000E+00;  38.3  0.000E+00;  39.4  0.000E+00;
  40.5  0.000E+00;  41.0  0.000E+00;  43.2  0.661E-06;  45.4  0.462E-04;
  47.6  0.351E-03;  49.9  0.182E-02;  52.1  0.606E-02;  54.3  0.126E-01;
  56.5  0.216E-01;  58.7  0.304E-01;
H:  X  Y  '53Cr  '
C 53Cr  
  35.0  0.000E+00;  36.6  0.000E+00;  38.3  0.000E+00;  39.4  0.000E+00;
  40.5  0.000E+00;  41.0  0.000E+00;  43.2  0.668E-10;  45.4  0.161E-06;
  47.6  0.891E-05;  49.9  0.476E-03;  52.1  0.460E-02;  54.3  0.319E-01;
  56.5  0.124E+00;  58.7  0.305E+00;
H:  X  Y  '52Cr  '
C 52Cr  
  35.0  0.000E+00;  36.6  0.000E+00;  38.3  0.000E+00;  39.4  0.000E+00;
  40.5  0.000E+00;  41.0  0.000E+00;  43.2  0.000E+00;  45.4  0.000E+00;
  47.6  0.000E+00;  49.9  0.000E+00;  52.1  0.000E+00;  54.3  0.772E-08;
  56.5  0.405E-04;  58.7  0.101E-02;
H:  X  Y  '51Cr  '
C 51Cr  
  35.0  0.000E+00;  36.6  0.564E-12;  38.3  0.149E-08;  39.4  0.186E-06;
  40.5  0.127E-04;  41.0  0.142E-03;  43.2  0.316E-01;  45.4  0.337E+00;
  47.6  0.163E+01;  49.9  0.493E+01;  52.1  0.128E+02;  54.3  0.231E+02;
  56.5  0.353E+02;  58.7  0.478E+02;
H:  X  Y  '50Cr  '
C 50Cr  
  35.0  0.000E+00;  36.6  0.000E+00;  38.3  0.000E+00;  39.4  0.000E+00;
  40.5  0.000E+00;  41.0  0.000E+00;  43.2  0.000E+00;  45.4  0.000E+00;
  47.6  0.000E+00;  49.9  0.219E-04;  52.1  0.143E-02;  54.3  0.204E-01;
  56.5  0.166E+00;  58.7  0.761E+00;
H:  X  Y  '49Cr  '
C 49Cr  
  35.0  0.100E-11;  36.6  0.153E-08;  38.3  0.574E-06;  39.4  0.171E-04;
  40.5  0.348E-03;  41.0  0.143E-02;  43.2  0.742E-01;  45.4  0.411E+00;
  47.6  0.105E+01;  49.9  0.209E+01;  52.1  0.374E+01;  54.3  0.561E+01;
  56.5  0.754E+01;  58.7  0.925E+01;
H:  X  Y  '48Cr  '
C 48Cr  
  35.0  0.000E+00;  36.6  0.000E+00;  38.3  0.000E+00;  39.4  0.000E+00;
  40.5  0.000E+00;  41.0  0.000E+00;  43.2  0.000E+00;  45.4  0.275E-06;
  47.6  0.303E-04;  49.9  0.557E-03;  52.1  0.531E-02;  54.3  0.215E-01;
  56.5  0.731E-01;  58.7  0.168E+00;
H:   X Y  'SIGFUS'
C EXCIT VS SIGFUS(MB)
  35.0  0.130E-05;  36.6  0.164E-03;  38.3  0.110E-01;  39.4  0.135E+00;
  40.5  0.133E+01;  41.0  0.374E+01;  43.2  0.723E+02;  45.4  0.234E+03;
  47.6  0.387E+03;  49.9  0.520E+03;  52.1  0.635E+03;  54.3  0.736E+03;
  56.5  0.825E+03;  58.7  0.904E+03;
H:   X Y  'SIGER'
C EXCIT VS SIGEVA(MB)
  35.0  0.130E-05;  36.6  0.164E-03;  38.3  0.110E-01;  39.4  0.135E+00;
  40.5  0.132E+01;  41.0  0.374E+01;  43.2  0.723E+02;  45.4  0.234E+03;
  47.6  0.387E+03;  49.9  0.520E+03;  52.1  0.635E+03;  54.3  0.736E+03;
  56.5  0.825E+03;  58.7  0.903E+03;
H:   X Y 'SIGFISS'
C EXCIT VS SIGFISS(MB)
  35.0  0.000E+00;  36.6  0.000E+00;  38.3  0.000E+00;  39.4  0.000E+00;
  40.5  0.000E+00;  41.0  0.000E+00;  43.2  0.000E+00;  45.4  0.000E+00;
  47.6  0.000E+00;  49.9  0.000E+00;  52.1  0.000E+00;  54.3  0.150E-09;
  56.5  0.215E-08;  58.7  0.189E-07;
H: X Y  'Cu  '
  35.0  0.541E-10;  36.6  0.721E-08;  38.3  0.549E-06;  39.4  0.567E-05;
  40.5  0.518E-04;  41.0  0.138E-03;  43.2  0.210E-02;  45.4  0.511E-02;
  47.6  0.585E-02;  49.9  0.624E-02;  52.1  0.212E-02;  54.3  0.431E-02;
  56.5  0.864E-02;  58.7  0.142E-01;
H: X Y  'Ni  '
  35.0  0.534E-07;  36.6  0.454E-05;  38.3  0.200E-03;  39.4  0.171E-02;
  40.5  0.123E-01;  41.0  0.302E-01;  43.2  0.466E+00;  45.4  0.141E+01;
  47.6  0.205E+01;  49.9  0.351E+01;  52.1  0.591E+01;  54.3  0.903E+01;
  56.5  0.124E+02;  58.7  0.177E+02;
H: X Y  'Co  '
  35.0  0.474E-06;  36.6  0.530E-04;  38.3  0.335E-02;  39.4  0.391E-01;
  40.5  0.361E+00;  41.0  0.980E+00;  43.2  0.164E+02;  45.4  0.470E+02;
  47.6  0.656E+02;  49.9  0.748E+02;  52.1  0.875E+02;  54.3  0.103E+03;
  56.5  0.127E+03;  58.7  0.157E+03;
H: X Y  'Fe  '
  35.0  0.757E-06;  36.6  0.102E-03;  38.3  0.702E-02;  39.4  0.872E-01;
  40.5  0.860E+00;  41.0  0.246E+01;  43.2  0.484E+02;  45.4  0.158E+03;
  47.6  0.264E+03;  49.9  0.351E+03;  52.1  0.415E+03;  54.3  0.453E+03;
  56.5  0.478E+03;  58.7  0.486E+03;
H: X Y  'Mn  '
  35.0  0.126E-07;  36.6  0.401E-05;  38.3  0.454E-03;  39.4  0.717E-02;
  40.5  0.899E-01;  41.0  0.271E+00;  43.2  0.682E+01;  45.4  0.268E+02;
  47.6  0.531E+02;  49.9  0.832E+02;  52.1  0.111E+03;  54.3  0.141E+03;
  56.5  0.164E+03;  58.7  0.184E+03;
H: X Y  'Cr  '
  35.0  0.100E-11;  36.6  0.153E-08;  38.3  0.576E-06;  39.4  0.172E-04;
  40.5  0.360E-03;  41.0  0.157E-02;  43.2  0.106E+00;  45.4  0.749E+00;
  47.6  0.268E+01;  49.9  0.702E+01;  52.1  0.165E+02;  54.3  0.288E+02;
  56.5  0.433E+02;  58.7  0.582E+02;
C   QC=   13.44    AT/ACN=   0.5517    NEXC=  14
C RESC  X0  -13.442  X1  1.       FROM 1    SHIFT TO ECM
C RESC  X0  -24.364  X1   1.81250 FROM 1    SHIFT TO ELAB
C RESC  X0   -0.937  X1  0.069712 FROM 1    SHIFT TO MEV/U
