   1   1   7
   7.289  13.136  14.950  24.621  32.892  41.876  49.135
   2   3  10
  14.931   2.425  11.231  17.592  26.073  31.610  40.936  49.197
   3   3  13
  28.667  25.323  11.679  14.087  14.907  20.946  24.955  33.053  40.728  49.010
  56.981
   4   5  16
  37.139  18.375  15.769   4.942  11.348  12.607  20.177  25.078  33.659  39.954
  49.826  57.447
   5   6  21
  47.320  27.677  22.922  12.416  12.051   8.668  13.369  16.562  23.664  28.958
  37.113  43.716  51.793  59.770  68.450  77.330
   6   8  23
  35.064  28.911  15.699  10.649   0.000   3.125   3.020   9.873  13.694  21.032
  24.919  32.414  37.504  45.643  53.611  64.171
   7  10  25
  38.800  24.304  17.338   5.345   2.863   0.101   5.684   7.870  13.113  15.856
  21.766  25.232  31.765  36.720  46.938  55.983
   8  12  28
  31.915  23.115   8.008   2.856  -4.737  -0.809  -0.783   3.333   3.796   8.062
   9.283  14.621  18.500  27.329  34.661  44.670  52.080
   9  14  31
  31.964  16.567  10.680   1.952   0.873  -1.487  -0.017  -0.048   2.793   3.285
   7.545  11.334  18.649  25.450  33.742  40.150  48.112  56.143
  10  15  34
  40.215  23.987  16.500   5.318   1.752  -7.042  -5.732  -8.025  -5.154  -5.952
  -2.036   0.481   7.051  11.300  18.400  23.280  31.182  36.999  45.997  52.842
  11  17  37
  35.173  25.038  12.929   6.851  -2.185  -5.182  -9.530  -8.418  -9.358  -6.861
  -5.518  -0.988   2.680   8.475  12.246  18.640  23.780  31.680  38.231  46.303
  53.534
  12  19  40
  31.828  17.478  10.904  -0.400  -5.474 -13.934 -13.193 -16.215 -14.587 -15.019
 -10.603  -8.884  -3.122  -0.829   4.962   8.323  15.640  20.380  28.211  34.074
  42.275  48.350
  13  21  43
  26.990  18.201   6.748  -0.049  -8.916 -12.210 -17.197 -16.851 -18.208 -15.865
 -14.951 -11.099  -8.497  -3.000  -0.224   5.950   9.810  16.210  20.650  27.590
  33.420  40.100  47.020
  14  22  45
  33.338  23.697  10.745   3.827  -7.141 -12.385 -21.493 -21.895 -24.433 -22.949
 -24.078 -20.514 -19.957 -14.391 -12.436  -6.572  -4.170   2.320   5.430  12.120
  16.470  23.101  28.513  37.490
  15  24  47
  33.320  19.738  10.973  -0.722  -7.148 -16.953 -20.201 -24.441 -24.305 -26.337
 -24.549 -24.858 -20.251 -18.996 -14.622 -12.775  -8.114  -4.980   1.010   4.680
  10.450  15.600  22.970  29.710
  16  26  49
  27.079  17.028   4.073  -3.156 -14.059 -19.043 -26.016 -26.586 -29.932 -28.846
 -30.664 -26.896 -26.861 -23.163 -22.838 -19.009 -17.638 -12.195  -9.204  -3.990
   0.340   7.370  12.761  21.093
  17  28  51
  27.516  13.162   4.443  -7.035 -13.335 -21.003 -24.440 -29.014 -29.522 -31.762
 -29.798 -29.800 -27.558 -27.307 -24.832 -24.160 -20.385 -18.263 -13.859  -9.780
  -4.280   0.940   7.740  14.290
  18  30  53
  20.931  11.325  -2.200  -9.384 -18.378 -23.047 -30.232 -30.948 -34.715 -33.242
 -35.040 -33.068 -34.423 -32.010 -32.673 -29.771 -29.773 -25.366 -22.281 -17.190
 -13.330  -6.690  -1.280   6.791
  19  32  56
  21.098   7.042  -1.220 -11.173 -17.417 -24.800 -28.801 -33.807 -33.535 -35.560
 -35.022 -36.575 -35.781 -36.616 -35.414 -35.712 -32.284 -29.611 -25.728 -22.516
 -17.138 -12.296  -5.002   0.708   7.927
  20  34  58
  13.851   4.788  -6.451 -13.136 -22.058 -27.283 -34.846 -35.138 -38.547 -38.409
 -41.469 -40.812 -43.139 -42.344 -44.225 -41.300 -39.589 -36.332 -34.266 -29.388
 -25.161 -18.350 -13.898  -6.874  -1.919
  21  36  61
  15.351   3.520  -4.249 -14.173 -20.523 -28.642 -32.121 -36.188 -37.816 -41.072
 -41.761 -44.337 -44.504 -46.561 -44.547 -43.229 -40.443 -38.907 -33.891 -30.159
 -24.852 -20.996 -14.876 -10.302  -4.052   0.931
  22  38  64
  10.870   2.200  -8.850 -15.698 -25.105 -29.321 -37.549 -39.010 -44.128 -44.937
 -48.493 -48.564 -51.432 -49.733 -49.470 -46.831 -45.622 -41.668 -39.320 -33.916
 -31.110 -25.510 -22.330 -16.350 -12.500  -5.750  -1.025
  23  40  67
  12.170   0.320  -7.620 -17.916 -24.116 -31.886 -37.075 -42.007 -44.478 -47.962
 -49.224 -52.204 -51.444 -51.851 -49.893 -49.145 -46.155 -44.413 -40.402 -37.832
 -33.242 -30.506 -25.476 -21.890 -16.320 -11.780  -5.610  -0.650
  24  42  70
   6.730  -1.970 -13.360 -19.515 -29.472 -34.563 -42.822 -45.333 -50.262 -51.451
 -55.419 -55.287 -56.935 -55.110 -55.285 -52.525 -51.992 -48.086 -46.670 -42.475
 -40.895 -36.007 -33.480 -28.220 -24.720 -18.680 -14.800  -8.580  -4.480
  25  44  72
   7.030  -5.250 -12.570 -22.566 -29.296 -37.621 -42.628 -48.244 -50.707 -54.690
 -55.558 -57.712 -56.912 -57.486 -55.828 -55.525 -52.968 -51.742 -48.524 -46.887
 -42.989 -40.967 -36.750 -33.460 -28.380 -24.770 -19.500 -15.570  -9.900
  26  45  75
  13.762   0.910  -6.870 -18.000 -24.751 -34.476 -40.203 -48.330 -50.948 -56.255
 -57.481 -60.607 -60.182 -62.155 -60.665 -61.413 -58.920 -58.878 -55.636 -54.970
 -51.218 -50.068 -45.610 -43.487 -39.030 -36.510 -31.430 -28.430 -22.900 -19.590
 -13.640
  27  47  77
  10.370   1.500  -9.880 -17.630 -27.342 -34.361 -42.659 -48.010 -54.030 -56.040
 -59.346 -59.847 -62.230 -61.650 -62.898 -61.424 -61.851 -59.792 -59.185 -56.409
 -55.322 -51.931 -50.279 -46.630 -44.370 -40.200 -37.418 -32.820 -29.649 -24.510
 -21.015
  28  48  80
  16.793   8.200  -4.120 -11.900 -22.330 -29.631 -39.278 -45.336 -53.908 -56.084
 -60.229 -61.157 -64.473 -64.222 -66.746 -65.513 -67.099 -65.126 -66.006 -63.743
 -63.464 -59.979 -59.214 -55.406 -54.226 -50.108 -48.456 -44.030 -41.630 -36.800
 -33.890 -27.570 -22.630
  29  52  82
  -2.280 -13.270 -21.410 -31.635 -38.643 -47.309 -51.668 -56.358 -58.345 -61.984
 -62.787 -65.580 -65.425 -67.264 -66.258 -67.320 -65.567 -65.736 -62.976 -62.711
 -59.783 -58.987 -56.006 -54.471 -50.976 -48.624 -44.497 -41.740 -36.200 -31.420
 -25.320
  30  54  85
  -6.272 -14.570 -25.390 -32.550 -42.299 -47.216 -54.174 -56.349 -61.168 -62.213
 -66.004 -65.912 -68.899 -67.880 -70.007 -68.418 -69.565 -67.329 -68.145 -65.593
 -65.757 -62.559 -62.303 -58.789 -57.483 -53.432 -51.649 -46.200 -42.314 -36.290
 -31.930 -25.230
  31  56  87
  -3.390 -15.010 -23.540 -33.760 -39.590 -47.135 -51.987 -56.547 -58.833 -62.658
 -63.724 -66.879 -67.086 -69.328 -68.910 -70.139 -68.588 -69.699 -68.050 -68.465
 -66.297 -65.992 -63.706 -62.548 -59.224 -57.628 -52.931 -49.257 -44.088 -39.849
 -34.080 -29.250
  32  58  90
  -7.080 -15.870 -27.090 -33.360 -41.740 -46.921 -54.315 -56.478 -61.607 -62.658
 -66.979 -67.101 -70.562 -69.906 -72.586 -71.298 -73.422 -71.857 -73.213 -71.213
 -71.862 -69.527 -69.535 -66.292 -65.415 -60.976 -58.148 -53.123 -49.400 -44.078
 -40.138 -33.729 -29.221
  33  60  92
  -5.470 -16.900 -24.320 -33.500 -39.532 -46.937 -52.025 -56.587 -58.895 -63.112
 -64.342 -67.893 -68.230 -70.953 -70.860 -73.034 -72.291 -73.916 -72.817 -73.636
 -72.214 -72.533 -70.105 -69.669 -65.854 -63.189 -58.962 -55.618 -50.720 -46.798
 -41.330 -36.896 -30.981
  34  64  95
 -26.700 -33.020 -41.660 -46.580 -54.189 -56.435 -61.930 -63.147 -67.868 -68.227
 -72.213 -72.169 -75.252 -74.599 -77.026 -75.917 -77.759 -76.389 -77.594 -75.341
 -75.948 -72.414 -70.503 -66.426 -63.884 -58.992 -55.800 -50.580 -46.724 -40.716
 -36.803 -30.460
  35  67  98
 -32.790 -38.791 -46.259 -51.426 -56.502 -59.062 -63.647 -65.288 -69.107 -70.289
 -73.235 -73.452 -76.068 -75.889 -77.977 -77.499 -79.014 -77.783 -78.575 -75.632
 -73.892 -70.716 -68.274 -64.000 -61.107 -56.233 -52.890 -47.400 -43.771 -38.163
 -34.055 -28.250
  36  69 101
 -32.435 -41.100 -46.327 -53.941 -56.552 -62.332 -64.324 -69.014 -70.169 -74.178
 -74.442 -77.893 -77.696 -80.592 -79.991 -82.439 -81.480 -83.266 -80.710 -79.691
 -76.536 -74.959 -70.974 -68.769 -64.136 -61.348 -56.159 -53.080 -47.423 -44.311
 -38.759 -35.052 -29.128
  37  71 103
 -32.060 -38.330 -46.082 -51.916 -57.219 -60.479 -64.830 -66.935 -70.803 -72.175
 -75.457 -76.188 -79.071 -79.759 -82.167 -82.747 -84.598 -82.609 -81.712 -79.364
 -77.745 -74.772 -72.620 -68.563 -65.891 -61.354 -58.519 -54.369 -51.121 -46.247
 -42.845 -37.707 -33.608
  38  73 107
 -31.950 -40.827 -46.619 -54.248 -57.803 -63.174 -65.477 -70.311 -71.528 -76.010
 -76.798 -80.650 -81.103 -84.523 -84.880 -87.922 -86.209 -85.948 -83.652 -82.867
 -80.086 -78.846 -75.120 -72.924 -68.581 -66.423 -62.521 -59.821 -55.325 -52.159
 -47.422 -44.106 -38.610 -34.790 -28.900
  39  75 109
 -31.820 -38.480 -46.439 -52.173 -57.818 -61.148 -65.713 -68.064 -72.206 -73.894
 -77.842 -79.283 -83.018 -84.299 -87.708 -86.494 -86.351 -84.816 -84.227 -82.351
 -81.209 -78.336 -76.121 -72.295 -70.650 -67.327 -65.061 -61.173 -58.458 -54.064
 -51.270 -46.053 -42.364 -37.297 -33.200
  40  77 112
 -32.040 -40.850 -46.770 -54.360 -57.460 -63.631 -65.912 -71.422 -73.175 -77.969
 -79.347 -83.629 -84.876 -88.773 -87.896 -88.459 -87.122 -87.269 -85.660 -85.439
 -82.943 -81.287 -77.621 -76.377 -73.166 -71.588 -67.815 -65.724 -61.465 -58.550
 -54.380 -51.353 -46.193 -42.886 -37.560 -33.810
  41  79 115
 -31.650 -38.420 -46.360 -52.090 -57.556 -61.219 -66.280 -69.134 -73.874 -76.174
 -80.625 -82.662 -86.638 -86.453 -87.213 -86.369 -86.786 -85.603 -85.606 -83.525
 -82.335 -79.797 -78.891 -76.305 -75.029 -71.819 -69.916 -66.203 -63.724 -59.546
 -56.690 -52.310 -48.875 -44.274 -40.511 -35.387 -31.354
  42  81 118
 -31.750 -40.370 -46.340 -54.170 -57.510 -64.110 -66.885 -72.687 -75.015 -80.173
 -82.209 -86.809 -86.807 -88.414 -87.712 -88.795 -87.545 -88.116 -85.970 -86.193
 -83.520 -83.566 -80.961 -80.350 -77.337 -76.135 -72.552 -70.756 -66.666 -64.543
 -59.940 -57.464 -52.490 -49.807 -44.749 -41.500 -36.170 -32.630
  43  83 121
 -31.320 -37.700 -45.850 -51.570 -57.690 -61.681 -67.395 -70.725 -75.987 -78.926
 -83.606 -84.158 -86.021 -85.822 -87.224 -86.432 -87.328 -86.021 -86.345 -84.573
 -84.604 -82.503 -82.290 -79.776 -78.750 -75.923 -74.283 -71.035 -69.025 -65.259
 -62.812 -58.600 -56.320 -51.456 -48.382 -43.790 -40.371 -35.518 -31.780
  44  85 124
 -30.950 -39.770 -45.520 -54.340 -58.260 -64.884 -68.240 -74.301 -77.217 -82.584
 -83.458 -86.080 -86.121 -88.225 -87.625 -89.227 -87.958 -89.106 -87.267 -88.096
 -85.934 -86.323 -83.863 -83.661 -80.738 -80.073 -76.785 -75.631 -71.868 -70.222
 -66.190 -64.069 -59.490 -57.260 -52.564 -50.012 -45.047 -42.150 -37.080 -33.960
  45  88 127
 -36.860 -45.861 -51.700 -58.570 -62.999 -69.012 -72.908 -78.341 -79.688 -82.598
 -83.175 -85.581 -85.591 -87.412 -86.783 -88.032 -86.959 -87.851 -86.363 -86.864
 -85.032 -84.999 -82.829 -82.304 -79.732 -78.768 -75.711 -74.230 -70.736 -68.897
 -64.887 -62.823 -58.815 -56.250 -52.080 -49.360 -44.890 -42.000 -37.300 -34.030
  46  90 129
 -39.710 -45.930 -54.580 -59.001 -66.102 -69.966 -76.183 -77.806 -81.321 -82.183
 -85.213 -85.432 -87.903 -87.457 -89.395 -88.418 -89.908 -88.373 -89.524 -87.606
 -88.331 -85.986 -86.322 -83.591 -83.491 -80.426 -79.832 -76.424 -75.389 -71.408
 -70.280 -66.182 -64.616 -60.430 -58.390 -54.120 -51.860 -47.180 -44.490 -37.610
  47  92 132
 -37.130 -46.267 -52.410 -59.597 -64.512 -70.826 -73.066 -76.712 -78.138 -81.334
 -82.247 -84.803 -85.116 -87.071 -86.942 -88.407 -87.607 -88.719 -87.457 -88.215
 -86.584 -87.027 -84.931 -84.983 -82.543 -82.182 -79.554 -78.646 -75.652 -74.403
 -71.106 -69.548 -66.200 -64.520 -60.680 -58.440 -54.620 -51.980 -45.697 -40.380
 -33.790
  48  94 134
 -40.140 -46.631 -55.573 -60.454 -67.636 -69.931 -74.195 -75.836 -79.660 -80.652
 -83.968 -84.334 -87.132 -86.990 -89.252 -88.504 -90.348 -89.252 -90.575 -89.043
 -90.015 -88.084 -88.712 -86.418 -86.702 -83.977 -83.957 -81.074 -80.612 -77.414
 -76.702 -73.348 -72.257 -68.747 -67.242 -63.058 -61.118 -55.219 -50.263 -43.920
 -38.920
  49  96 137
 -37.890 -47.189 -53.896 -61.376 -64.313 -68.614 -70.695 -74.633 -76.183 -79.641
 -80.608 -83.564 -84.120 -86.490 -86.470 -88.392 -87.990 -89.367 -88.570 -89.536
 -88.250 -88.943 -87.228 -87.699 -85.728 -85.836 -83.573 -83.430 -80.870 -80.477
 -77.773 -76.896 -74.146 -72.838 -69.883 -68.025 -62.412 -57.464 -51.661 -46.528
 -40.510 -35.040
  50  99 139
 -47.944 -57.283 -60.306 -64.935 -66.973 -71.627 -73.338 -77.354 -78.512 -82.070
 -82.630 -85.842 -85.939 -88.655 -88.328 -90.560 -90.034 -91.526 -90.398 -91.653
 -90.065 -91.098 -89.197 -89.941 -87.816 -88.234 -85.896 -86.015 -83.471 -83.362
 -80.591 -80.132 -77.265 -76.547 -70.874 -66.434 -60.632 -55.899 -49.788 -44.861
 -38.440
  51 103 141
 -56.178 -59.174 -64.015 -66.473 -70.653 -72.445 -76.251 -77.450 -80.837 -81.599
 -84.417 -84.497 -87.003 -86.822 -88.640 -87.996 -89.474 -88.418 -89.600 -88.335
 -89.224 -87.620 -88.256 -86.393 -86.699 -84.630 -84.629 -82.286 -81.981 -79.635
 -78.924 -74.021 -69.690 -64.507 -60.060 -54.220 -49.788 -43.939 -39.110
  52 105 143
 -52.812 -58.220 -60.539 -65.782 -67.715 -72.230 -73.587 -77.568 -78.347 -81.889
 -82.063 -85.269 -85.095 -87.697 -87.181 -89.368 -88.546 -90.314 -89.172 -90.525
 -89.023 -90.065 -88.282 -88.994 -87.005 -87.353 -85.211 -85.188 -82.937 -82.534
 -77.729 -74.425 -69.304 -65.696 -60.205 -56.576 -50.487 -46.370 -40.278
  53 107 145
 -49.430 -52.650 -57.672 -60.464 -64.954 -67.063 -71.120 -72.796 -76.338 -77.492
 -80.436 -80.971 -83.766 -83.753 -86.251 -86.080 -87.944 -87.366 -88.837 -87.911
 -88.984 -87.739 -88.507 -86.936 -87.443 -85.703 -85.858 -84.043 -83.779 -79.545
 -76.356 -71.980 -68.471 -63.606 -59.927 -54.770 -50.630 -45.280 -40.939
  54 109 148
 -46.170 -51.923 -54.396 -60.026 -62.204 -67.086 -68.657 -73.047 -74.185 -78.079
 -78.794 -82.172 -82.481 -85.355 -85.249 -87.661 -87.193 -89.147 -88.322 -89.860
 -88.696 -89.880 -88.414 -89.279 -87.644 -88.126 -86.413 -86.429 -82.383 -79.972
 -75.645 -72.986 -68.197 -65.230 -60.203 -56.872 -51.493 -47.955 -42.360 -38.600
  55 111 152
 -42.821 -46.290 -51.765 -54.682 -59.699 -62.043 -66.493 -68.409 -72.305 -73.889
 -77.102 -78.145 -81.044 -81.731 -84.088 -84.351 -86.240 -85.932 -87.499 -86.900
 -88.059 -87.153 -88.071 -86.891 -87.582 -86.339 -86.546 -82.887 -80.701 -77.050
 -74.478 -70.515 -67.676 -63.271 -60.054 -55.310 -51.920 -46.911 -43.250 -38.170
 -34.230 -28.930
  56 113 154
 -39.784 -45.905 -49.020 -54.580 -57.458 -62.354 -64.590 -68.889 -70.745 -74.609
 -75.655 -79.090 -79.669 -82.670 -82.818 -85.378 -85.063 -87.262 -86.684 -88.435
 -87.554 -88.950 -87.850 -88.887 -87.721 -88.262 -84.914 -83.269 -79.733 -77.842
 -73.937 -71.767 -67.516 -64.947 -60.264 -57.594 -53.120 -49.900 -44.940 -41.710
 -36.470 -32.820
  57 116 156
 -40.645 -46.471 -49.560 -54.790 -57.570 -62.190 -64.543 -68.651 -70.259 -73.759
 -74.973 -77.896 -78.625 -81.325 -81.627 -83.769 -83.724 -85.494 -85.219 -86.643
 -86.037 -87.141 -86.519 -87.226 -84.316 -82.932 -80.024 -78.172 -74.850 -72.835
 -69.050 -66.678 -62.709 -60.220 -56.130 -53.310 -49.290 -46.060 -41.530 -37.930
 -33.050
  58 119 158
 -43.940 -49.600 -52.690 -57.874 -60.286 -64.916 -66.658 -70.821 -71.979 -75.534
 -76.287 -79.423 -79.708 -82.471 -82.418 -84.833 -84.616 -86.508 -85.919 -87.571
 -86.948 -88.076 -85.433 -84.533 -81.607 -80.432 -77.067 -75.635 -72.014 -70.398
 -66.670 -64.847 -61.225 -58.980 -54.910 -52.220 -47.780 -44.820 -39.930 -36.660
  59 121 160
 -41.422 -44.780 -50.230 -53.151 -57.940 -60.324 -64.543 -66.331 -69.774 -71.175
 -74.301 -75.227 -77.938 -78.528 -80.936 -81.340 -83.202 -83.134 -84.819 -84.688
 -86.016 -83.787 -83.068 -80.751 -79.626 -76.681 -75.444 -72.535 -71.039 -68.300
 -66.780 -63.758 -61.568 -58.105 -55.415 -51.568 -48.540 -44.330 -41.088 -36.520
  60 124 162
 -44.525 -47.599 -52.993 -55.536 -60.314 -62.315 -66.596 -67.768 -71.426 -72.332
 -75.646 -76.214 -79.199 -79.585 -82.018 -82.014 -84.259 -84.193 -85.950 -84.002
 -83.748 -81.432 -80.926 -78.147 -77.408 -74.375 -73.680 -70.943 -70.149 -67.330
 -65.825 -62.284 -60.474 -56.462 -54.055 -49.807 -47.134 -42.588 -39.550
  61 126 164
 -39.350 -44.786 -47.786 -52.881 -55.396 -59.660 -61.628 -65.408 -66.739 -70.052
 -71.170 -74.073 -74.940 -77.500 -78.214 -80.523 -81.142 -82.961 -81.416 -81.267
 -79.454 -79.042 -76.866 -76.064 -73.597 -73.386 -71.254 -70.648 -68.512 -66.940
 -64.164 -62.297 -59.089 -56.554 -53.002 -50.235 -46.370 -43.249 -38.870
  62 128 166
 -38.670 -42.000 -47.506 -50.133 -55.079 -57.231 -61.376 -62.857 -66.811 -68.027
 -71.498 -72.380 -75.456 -75.934 -78.986 -79.517 -81.966 -80.651 -80.996 -79.266
 -79.336 -77.136 -77.051 -74.576 -74.763 -72.560 -72.455 -70.191 -69.360 -66.678
 -65.250 -62.208 -60.235 -56.672 -54.530 -50.720 -48.102 -43.808 -40.730
  63 130 168
 -33.683 -39.270 -42.200 -47.236 -49.928 -54.148 -56.244 -60.146 -61.750 -65.398
 -66.986 -69.926 -71.313 -74.241 -75.619 -77.992 -77.118 -77.545 -76.299 -76.441
 -74.792 -74.653 -72.888 -73.367 -71.738 -71.818 -70.083 -69.459 -67.255 -66.043
 -63.480 -61.792 -58.703 -56.485 -53.381 -50.724 -47.208 -44.010 -39.740
  64 133 170
 -35.860 -41.302 -44.390 -49.090 -51.214 -55.800 -57.632 -61.782 -63.224 -66.960
 -68.231 -71.760 -72.926 -76.086 -75.357 -76.269 -75.127 -75.764 -74.189 -74.707
 -72.883 -73.706 -72.070 -72.535 -70.823 -70.690 -68.561 -67.942 -65.506 -64.280
 -61.314 -59.774 -56.453 -54.530 -50.813 -48.363 -44.153 -41.380
  65 135 172
 -32.825 -36.130 -40.967 -43.668 -48.130 -50.482 -54.541 -56.560 -60.419 -62.368
 -66.388 -67.764 -70.743 -70.537 -71.489 -71.106 -71.624 -70.717 -71.313 -70.156
 -71.250 -70.091 -70.763 -69.471 -69.532 -67.836 -67.462 -65.676 -64.596 -62.078
 -60.566 -57.885 -55.927 -52.723 -50.329 -46.724 -44.032 -39.850
  66 138 174
 -34.931 -37.642 -42.830 -45.382 -50.120 -52.169 -56.570 -58.243 -62.555 -64.196
 -67.860 -67.696 -69.310 -68.752 -70.118 -69.143 -70.394 -69.156 -70.529 -69.425
 -70.407 -69.167 -69.673 -68.056 -68.181 -66.381 -65.968 -63.613 -62.585 -59.931
 -58.560 -55.597 -53.663 -50.189 -48.009 -43.939 -41.370
  67 140 176
 -29.259 -34.364 -37.250 -42.048 -44.610 -49.120 -51.238 -55.757 -57.991 -61.647
 -61.946 -63.623 -63.605 -65.012 -64.639 -66.040 -65.479 -66.833 -66.188 -67.330
 -66.383 -67.197 -66.042 -66.378 -64.982 -64.899 -63.071 -62.281 -60.061 -58.797
 -56.239 -54.519 -51.484 -49.351 -45.690 -43.203 -39.290
  68 142 178
 -28.030 -31.260 -36.608 -39.240 -44.322 -46.608 -51.479 -53.742 -57.831 -58.266
 -60.500 -60.469 -62.605 -62.209 -64.212 -63.414 -65.304 -64.561 -66.064 -65.202
 -66.335 -65.168 -65.943 -64.522 -64.926 -63.291 -62.991 -60.923 -60.109 -57.719
 -56.484 -53.654 -51.949 -48.652 -46.631 -42.858 -40.260
  69 144 181
 -22.259 -27.583 -31.055 -35.974 -38.765 -43.883 -46.491 -50.773 -51.720 -53.973
 -54.427 -56.626 -56.835 -58.709 -58.703 -60.570 -60.302 -61.899 -61.478 -62.729
 -61.904 -62.930 -61.888 -62.544 -61.313 -61.275 -59.796 -59.210 -57.374 -56.256
 -53.865 -52.311 -49.371 -47.469 -44.116 -41.601 -37.920 -35.170
  70 148 185
 -30.330 -33.198 -38.638 -41.542 -46.270 -47.208 -49.932 -50.503 -53.266 -53.422
 -56.010 -55.839 -58.163 -57.839 -59.826 -59.299 -61.017 -60.295 -61.596 -60.591
 -61.582 -60.378 -60.764 -59.307 -59.255 -57.551 -56.945 -54.696 -53.491 -50.986
 -49.695 -46.537 -44.600 -41.088 -38.820 -35.100 -32.540 -28.500
  71 150 188
 -24.640 -30.108 -33.422 -38.373 -39.715 -42.545 -43.700 -46.441 -47.212 -49.709
 -50.270 -52.562 -52.832 -54.791 -54.642 -56.442 -56.021 -57.501 -57.068 -58.085
 -57.306 -57.828 -56.736 -56.881 -55.570 -55.166 -53.382 -52.384 -50.338 -49.059
 -46.676 -44.797 -41.880 -39.716 -36.412 -33.888 -30.210 -27.580 -23.790
  72 153 190
 -27.300 -32.670 -34.170 -37.817 -38.903 -42.102 -42.853 -45.939 -46.315 -49.169
 -49.264 -51.819 -51.636 -53.859 -53.468 -55.361 -54.717 -56.254 -55.431 -56.402
 -55.412 -55.844 -54.482 -54.576 -52.881 -52.435 -50.463 -49.779 -47.403 -46.050
 -43.283 -41.499 -38.320 -36.424 -32.817 -30.879 -27.162 -25.030
  73 155 194
 -23.928 -25.861 -29.593 -31.167 -34.439 -35.824 -38.779 -39.780 -42.535 -43.283
 -45.848 -46.098 -48.351 -48.394 -50.290 -50.138 -51.720 -51.330 -52.397 -51.741
 -52.409 -51.365 -51.715 -50.598 -50.357 -48.933 -48.438 -46.430 -45.293 -42.839
 -41.394 -38.608 -36.896 -33.612 -31.829 -28.513 -26.492 -23.064 -20.870 -17.300
  74 157 197
 -19.470 -23.633 -25.295 -29.326 -30.555 -33.999 -34.908 -38.236 -38.861 -41.888
 -42.098 -44.893 -44.918 -47.291 -47.086 -49.097 -48.727 -50.227 -49.633 -50.642
 -49.702 -50.407 -49.295 -49.636 -48.234 -48.246 -46.366 -45.705 -43.388 -42.509
 -39.904 -38.668 -35.618 -34.382 -31.176 -29.649 -26.287 -24.526 -21.010 -18.880
 -15.140
  75 159 199
 -14.745 -16.739 -20.840 -22.501 -26.002 -27.472 -30.660 -31.893 -34.831 -35.795
 -38.409 -38.913 -41.250 -41.537 -43.554 -43.673 -45.288 -45.063 -46.269 -45.653
 -46.584 -45.837 -46.517 -45.446 -45.810 -44.220 -43.819 -41.927 -41.216 -39.017
 -37.979 -35.636 -34.350 -31.589 -30.232 -27.237 -25.579 -22.542 -20.502 -17.139
 -14.860
  76 161 203
  -9.979 -14.440 -16.192 -20.422 -21.795 -25.432 -26.502 -29.995 -30.723 -33.926
 -34.302 -37.244 -37.438 -39.995 -40.105 -42.098 -41.956 -43.544 -43.019 -44.358
 -43.550 -44.609 -43.664 -44.253 -42.806 -43.000 -41.219 -41.137 -38.987 -38.708
 -36.395 -35.882 -33.394 -32.435 -29.512 -28.277 -25.309 -23.837 -20.484 -18.779
 -15.239 -13.087  -7.640
  77 164 205
  -7.344 -11.593 -13.354 -17.072 -18.666 -22.094 -23.360 -26.412 -27.379 -30.268
 -30.863 -33.395 -33.878 -36.047 -36.252 -38.082 -37.978 -39.463 -39.052 -40.203
 -39.611 -40.336 -39.172 -39.549 -38.345 -38.450 -36.754 -36.709 -34.836 -34.536
 -32.532 -31.692 -29.435 -28.264 -25.821 -24.399 -21.611 -19.897 -16.776 -14.690
  -9.688  -5.960
  78 166 208
  -4.730  -6.612 -11.007 -12.512 -16.299 -17.470 -21.107 -21.943 -25.318 -25.713
 -28.934 -29.370 -31.998 -32.268 -34.436 -34.382 -36.168 -35.772 -37.334 -36.688
 -37.864 -36.685 -37.821 -36.469 -37.306 -35.698 -36.288 -34.480 -34.760 -32.794
 -32.645 -30.420 -29.904 -27.389 -26.599 -23.741 -22.692 -19.627 -17.922 -12.966
  -9.632  -4.540  -0.990
  79 169 210
  -1.788  -3.752  -7.562  -9.318 -12.832 -14.235 -17.404 -18.521 -21.545 -22.304
 -24.989 -25.626 -27.871 -28.301 -30.191 -30.319 -31.858 -31.715 -33.028 -32.371
 -33.582 -32.834 -33.798 -32.772 -33.405 -32.212 -32.567 -31.139 -31.140 -29.581
 -29.094 -27.240 -26.401 -24.353 -23.143 -20.650 -18.770 -14.215 -10.810  -6.101
  -2.540   2.329
  80 171 216
   3.480  -1.059  -2.710  -6.641  -7.973 -11.785 -12.783 -16.316 -16.928 -20.250
 -20.661 -23.577 -23.805 -26.349 -26.184 -28.539 -28.118 -30.202 -29.626 -31.371
 -30.592 -32.012 -31.062 -32.184 -31.013 -31.826 -30.540 -30.954 -29.546 -29.503
 -27.663 -27.345 -25.269 -24.690 -22.288 -20.946 -16.487 -13.265  -8.644  -5.365
  -0.624   2.757   7.666  11.178  16.208  19.859
  81 176 218
   0.582  -3.341  -4.790  -8.268  -9.387 -12.799 -13.328 -16.587 -16.883 -19.758
 -19.887 -22.445 -22.336 -24.616 -24.372 -26.283 -25.872 -27.477 -26.937 -28.155
 -27.497 -28.342 -27.529 -28.059 -27.047 -27.181 -25.980 -25.761 -24.346 -23.821
 -22.253 -21.034 -16.750 -13.645  -9.247  -6.078  -1.551   1.784   6.465   9.911
  14.718  18.313  23.180
  82 178 220
   3.574   2.051  -1.941  -3.117  -6.825  -7.575 -11.052 -11.541 -14.682 -14.987
 -17.815 -17.844 -20.417 -20.231 -22.556 -22.194 -24.208 -23.708 -25.348 -24.745
 -26.067 -25.232 -26.251 -25.271 -25.941 -24.787 -25.110 -23.770 -23.786 -22.452
 -21.749 -17.615 -14.729 -10.493  -7.549  -3.204  -0.183   4.342   7.480  12.240
  15.453  20.279  23.669
  83 184 224
   1.063  -2.236  -3.146  -6.383  -7.195 -10.065 -10.600 -13.239 -13.535 -15.885
 -16.029 -18.026 -18.009 -19.687 -19.369 -20.798 -20.371 -21.416 -20.741 -21.525
 -20.646 -21.065 -20.028 -20.055 -18.870 -18.259 -14.792 -11.859  -8.118  -5.232
  -1.201   1.629   5.874   8.730  13.216  16.283  20.819  24.098  28.729  32.137
  36.830
  84 186 227
   4.101   2.829  -0.544  -1.422  -4.564  -5.069  -8.071  -8.325 -11.005 -11.056
 -13.473 -13.358 -15.473 -15.208 -16.942 -16.521 -17.942 -17.311 -18.341 -17.521
 -18.189 -17.146 -17.470 -16.366 -15.953 -12.433 -10.369  -6.654  -4.470  -0.542
   1.782   5.884   8.357  12.681  15.263  19.774  22.486  27.079  29.910  34.530
  37.549  42.281
  85 191 229
   3.864   2.926  -0.067  -0.720  -3.470  -3.915  -6.355  -6.715  -8.823  -8.988
 -10.789 -10.591 -12.163 -11.875 -12.972 -12.430 -13.227 -12.470 -12.883 -11.972
 -11.647  -8.628  -6.580  -3.380  -1.256   2.257   4.395   8.098  10.396  14.376
  16.783  20.953  23.428  27.711  30.395  34.614  37.483  41.684  44.823
  86 193 231
   9.043   5.723   5.050   1.971   1.510  -1.230  -1.499  -4.005  -4.072  -6.275
  -6.154  -7.970  -7.710  -9.133  -8.635  -9.656  -8.941  -9.605  -8.755  -8.660
  -5.696  -4.320  -1.169   0.253   3.659   5.217   8.829  10.612  14.471  16.372
  20.390  22.445  26.534  28.747  32.886  35.243  39.362  42.048  46.454
  87 197 233
  10.254   9.574   6.771   6.132   3.589   3.096   0.876   0.607  -1.310  -1.242
  -2.844  -2.666  -3.770  -3.333  -4.140  -3.516  -3.553  -0.959   0.318   2.971
   4.315   7.059   8.618  11.482  13.277  16.378  18.382  21.749  23.821  27.521
  29.682  33.384  35.668  39.487  42.081  46.073  48.920
  88 201 235
  11.937   9.075   8.662   6.057   5.839   3.566   3.544   1.728   1.858   0.443
   0.832  -0.199   0.346   0.093   2.534   3.291   5.890   6.651   9.394  10.270
  12.964  14.320  17.233  18.826  21.993  23.668  27.178  28.940  32.562  34.516
  38.216  40.497  44.334  46.931  51.130
  89 205 237
  14.107  13.479  11.146  10.753   8.844   8.790   7.202   7.277   6.155   6.444
   6.031   8.144   8.704  10.844  11.569  13.744  14.523  16.621  17.826  20.234
  21.637  24.309  25.850  28.895  30.690  33.838  35.763  39.154  41.308  44.841
  47.357  51.221  54.020
  90 208 239
  16.684  16.367  14.059  13.910  12.111  12.120  10.695  10.922  10.298  12.206
  12.367  14.471  14.669  16.940  17.203  19.386  19.994  22.310  23.198  25.805
  26.771  29.586  30.863  33.816  35.447  38.732  40.613  44.018  46.255  49.955
  52.525  56.450
  91 211 241
  22.080  21.593  19.663  19.486  17.864  17.799  17.068  18.684  18.540  20.218
  20.376  22.155  22.321  23.862  24.341  26.033  26.831  28.924  29.897  32.174
  33.424  35.947  37.489  40.339  42.289  45.334  47.528  50.894  53.337  56.910
  59.640
  92 215 243
  24.923  23.066  22.973  21.895  23.287  22.933  24.520  24.273  25.837  25.722
  27.380  27.329  29.045  29.222  31.211  31.615  33.806  34.610  36.919  38.145
  40.919  42.445  45.390  47.308  50.573  52.716  56.197  58.620  62.360
  93 219 245
  29.457  30.311  29.850  31.019  30.600  31.876  31.588  32.777  32.562  33.596
  33.780  35.236  35.625  37.360  37.949  39.955  41.043  43.378  44.872  47.455
  49.311  52.316  54.260  57.417  59.876  63.202  65.890
  94 227 247
  36.770  36.087  37.396  36.934  38.309  38.363  40.052  40.350  42.182  42.902
  45.092  46.163  48.588  50.125  52.955  54.717  57.755  59.806  63.178  65.395
  69.108
  95 229 249
  42.150  42.932  42.410  43.340  43.263  44.461  44.625  46.041  46.570  48.421
  49.390  51.510  52.934  55.468  57.175  59.879  61.900  64.994  67.153  70.563
  73.104
  96 231 252
  47.270  46.312  47.294  46.725  48.034  47.855  49.247  49.445  51.147  51.724
  53.702  54.804  57.182  58.452  61.005  62.617  65.533  67.393  70.751  72.990
  76.648  79.056
  97 233 254
  52.861  53.455  52.704  53.542  53.188  54.216  54.250  55.664  56.032  57.734
  58.690  60.714  61.814  63.967  65.490  68.080  69.846  72.950  75.228  78.535
  80.929  84.393
  98 237 256
  57.939  57.278  58.269  57.991  59.327  59.387  60.990  61.478  63.385  64.090
  66.104  67.238  69.723  71.170  74.135  76.035  79.302  81.341  84.809  87.041
  99 239 258
  63.556  64.199  63.863  64.801  64.747  66.026  66.366  67.901  68.578  70.299
  71.175  73.225  74.512  77.295  79.011  81.991  84.089  87.187  89.403  92.702
 100 241 260
  69.126  68.400  69.387  68.966  70.187  70.189  71.673  71.898  73.519  74.072
  75.954  76.816  79.346  80.903  83.800  85.487  88.590  90.426  93.704  95.766
 101 245 262
  75.272  76.115  75.937  77.148  77.232  78.630  78.967  80.510  81.173  83.453
  84.843  87.456  88.993  91.687  93.624  96.552  98.578 101.627
 102 248 264
  80.621  81.782  81.564  82.849  82.871  84.359  84.723  86.807  87.822  90.247
  91.478  94.079  95.612  98.455 100.101 103.129 105.011
 103 251 266
  87.728  88.737  88.575  89.871  89.947  91.747  92.665  94.782  95.852  98.277
  99.558 102.102 103.729 106.377 108.233 111.622
 104 253 268
  93.557  93.199  94.330  94.222  95.866  96.341  98.362  99.147 101.319 102.393
 104.756 106.077 108.690 110.076 113.444 115.476
 105 255 270
  99.593 100.498 100.207 101.797 101.991 103.673 104.308 106.253 107.111 109.362
 110.483 112.737 114.074 117.062 119.148 122.307
 106 258 273
 105.244 106.520 106.548 108.005 108.366 110.190 110.782 112.794 113.618 115.806
 116.802 119.763 121.491 124.757 126.580 130.018
 107 260 275
 113.323 113.133 114.541 114.496 116.058 116.415 118.104 118.766 120.807 121.478
 124.226 125.921 128.789 130.633 133.682 135.691
 108 263 277
 119.678 119.563 120.900 121.136 122.653 122.830 124.564 125.112 127.740 129.006
 131.890 133.486 136.620 138.285 141.493
 109 265 279
 126.678 127.962 127.791 129.151 129.370 130.710 131.101 133.581 134.713 137.246
 138.829 141.315 142.968 145.736 147.496
 110 267 281
 133.880 133.648 134.835 134.678 135.948 136.015 138.356 139.197 141.565 142.541
 145.140 146.381 149.126 150.520 153.431
 111 272 283
 142.773 142.695 144.613 145.296 147.486 148.338 150.517 151.775 153.886 155.297
 157.800 159.281
 112 276 285
 150.352 152.403 152.932 155.030 155.696 158.019 158.976 161.486 162.545 165.173
 113 278 287
 158.889 159.239 161.140 161.810 163.725 164.707 166.591 167.731 170.014 171.245
 114 284 289
 168.921 171.003 171.773 174.073 175.042 177.564
 115 287 291
 177.895 179.771 180.666 182.894 183.990
 116 289 293
 184.528 185.198 187.387 188.242 190.669
 117 291 294
 191.800 193.576 194.385 196.521
 118 293 295
 198.873 199.463 201.512
