
 HIVAP  ENGOUT

   S-36 +  U-238 ---> Hs-274    07.03. 2000  08:25                      
    ELAB=   165.0      EXCIT=    26.3      CN= 274Hs  
    FUSION X-SECT=  0.1513E+01      LCRIT=   0.0
    EVAP SO FAR  0.7316E-08      FISSION  0.1513E+01

 MASS DISTRIBUTION
        4           3           2           1           0                 9           8           7           6           5
 274  0.0000E+00  0.5317E-11  0.1052E-08  0.6168E-08  0.6548E-12        0.8955E-10  0.4093E-12  0.0000E+00  0.0000E+00  0.0000E+00

 Z-DISTIBUTION
    Sg         Ns         Hs  
  0.906E-10  0.572E-09  0.665E-08

  CROSS SECTIONS (MB)
  268Hs      269Hs      270Hs      271Hs      272Hs      273Hs      274Hs  
  0.000E+00  0.000E+00  0.323E-14  0.617E-08  0.487E-09  0.000E+00  0.000E+00
  267Ns      268Ns      269Ns      270Ns      271Ns      272Ns      273Ns  
  0.000E+00  0.000E+00  0.000E+00  0.000E+00  0.813E-12  0.566E-09  0.532E-11
  266Sg      267Sg      268Sg      269Sg      270Sg      271Sg      272Sg  
  0.000E+00  0.000E+00  0.409E-12  0.895E-10  0.652E-12  0.293E-21  0.638E-15

 AVERAGE Z,DELTAZ,FWHMZ SO FAR  107.90    0.10    0.81
 AVERAGE A,DELTAA,FWHMA SO FAR  271.12    2.88    1.01


 SPECTRUM G
    AVERAGE=   3.541    SUM=   0.282E-03
    0.00      0    718   2085   2509   2078   1389    803    416      0      0
 SPECTRUM G
    AVERAGE=   3.305    SUM=   0.236E-05
    0.00    187    109   1239   3396   5067      0      0      0      0      0
 SPECTRUM N
    AVERAGE=   1.775    SUM=   0.292E-01
    0.10   1122   4191   2669   1244    501    182     61     19      5      1
 SPECTRUM P
    AVERAGE=  10.359    SUM=   0.872E-06
    0.00      0      0      0      0      0      0     52    315    970   1822
   10.00   2316   2094   1379    677    260     82     21      4      0      0
 SPECTRUM A
    AVERAGE=  22.931    SUM=   0.176E-05
   10.00      0      0      0      0      0      0      0      0    128    346
   20.00    732   1237   1697   1902   1723   1219    647    258     80     20
   30.00      4      0      0      0      0      0      0      0      0      0
 SPECTRUM F
    AVERAGE=   0.552    SUM=   0.240E+01
    0.00   6406   2327    829    289     98     32     10      3      1      0

 HALFLIFE FIRST STEP IN UNITS OF 10**(-22) SEC AS FUNTION OF J
   0.679E+02   0.258E+02   0.258E+02   0.257E+02   0.257E+02   0.257E+02   0.257E+02   0.257E+02   0.256E+02   0.256E+02
   0.255E+02   0.255E+02   0.255E+02   0.254E+02   0.253E+02   0.253E+02   0.252E+02   0.251E+02   0.250E+02   0.249E+02
   0.249E+02   0.248E+02   0.247E+02   0.246E+02   0.245E+02   0.244E+02   0.243E+02   0.241E+02   0.240E+02   0.239E+02
   0.238E+02   0.237E+02   0.235E+02   0.234E+02   0.232E+02   0.231E+02   0.229E+02   0.228E+02   0.226E+02   0.225E+02
   0.223E+02   0.221E+02   0.220E+02   0.218E+02   0.216E+02   0.214E+02   0.212E+02   0.210E+02   0.209E+02   0.211E+02
   0.213E+02   0.216E+02   0.218E+02   0.220E+02   0.223E+02   0.226E+02   0.228E+02   0.231E+02   0.235E+02   0.238E+02
   0.242E+02   0.245E+02   0.249E+02   0.254E+02   0.258E+02   0.000E+00   0.000E+00   0.000E+00   0.000E+00   0.000E+00
   0.000E+00

 HIVAP  ENGOUT

   S-36 +  U-238 ---> Hs-274    07.03. 2000  08:25                      
    ELAB=   170.0      EXCIT=    30.6      CN= 274Hs  
    FUSION X-SECT=  0.9022E+01      LCRIT=  13.0
    EVAP SO FAR  0.1167E-07      FISSION  0.9022E+01

 MASS DISTRIBUTION
        4           3           2           1           0                 9           8           7           6           5
 274  0.0000E+00  0.3954E-12  0.9060E-09  0.1048E-07  0.1537E-09        0.9671E-10  0.3065E-10  0.3161E-14  0.0000E+00  0.0000E+00

 Z-DISTIBUTION
    Sg         Ns         Hs  
  0.127E-09  0.108E-08  0.105E-07

  CROSS SECTIONS (MB)
  268Hs      269Hs      270Hs      271Hs      272Hs      273Hs      274Hs  
  0.000E+00  0.000E+00  0.154E-09  0.103E-07  0.000E+00  0.000E+00  0.000E+00
  267Ns      268Ns      269Ns      270Ns      271Ns      272Ns      273Ns  
  0.000E+00  0.000E+00  0.000E+00  0.701E-15  0.177E-09  0.906E-09  0.395E-12
  266Sg      267Sg      268Sg      269Sg      270Sg      271Sg      272Sg  
  0.000E+00  0.316E-14  0.307E-10  0.967E-10  0.000E+00  0.700E-16  0.157E-13

 AVERAGE Z,DELTAZ,FWHMZ SO FAR  107.89    0.11    0.83
 AVERAGE A,DELTAA,FWHMA SO FAR  271.04    2.96    0.90


 SPECTRUM G
    AVERAGE=   3.725    SUM=   0.204E-02
    0.00      0    594   1846   2382   2125   1537    966    547      0      0
 SPECTRUM G
    AVERAGE=   3.391    SUM=   0.144E-04
    0.00     48     91   1138   3346   5374      0      0      0      0      0
 SPECTRUM N
    AVERAGE=   1.936    SUM=   0.267E+00
    0.10    951   3881   2718   1403    632    258     99     36     12      4
   10.10      1      0      0      0      0      0      0      0      0      0
 SPECTRUM P
    AVERAGE=  10.856    SUM=   0.162E-04
    0.00      0      0      0      0      0      0     29    193    665   1419
   10.00   2068   2175   1691   1000    474    189     65     20      5      1
 SPECTRUM A
    AVERAGE=  23.651    SUM=   0.350E-04
   10.00      0      0      0      0      0      0      0      0     62    188
   20.00    447    857   1347   1753   1873   1592   1037    523    212     73
   30.00     22      5      1      0      0      0      0      0      0      0
 SPECTRUM F
    AVERAGE=   0.618    SUM=   0.139E+02
    0.00   6142   2392    917    346    128     46     16      5      2      0

 HALFLIFE FIRST STEP IN UNITS OF 10**(-22) SEC AS FUNTION OF J
   0.561E+02   0.228E+02   0.228E+02   0.228E+02   0.227E+02   0.227E+02   0.227E+02   0.227E+02   0.226E+02   0.226E+02
   0.226E+02   0.226E+02   0.225E+02   0.224E+02   0.224E+02   0.223E+02   0.223E+02   0.222E+02   0.221E+02   0.220E+02
   0.220E+02   0.219E+02   0.218E+02   0.217E+02   0.216E+02   0.215E+02   0.214E+02   0.213E+02   0.212E+02   0.211E+02
   0.210E+02   0.208E+02   0.207E+02   0.206E+02   0.205E+02   0.203E+02   0.202E+02   0.201E+02   0.199E+02   0.198E+02
   0.196E+02   0.195E+02   0.193E+02   0.191E+02   0.190E+02   0.188E+02   0.186E+02   0.185E+02   0.183E+02   0.185E+02
   0.186E+02   0.188E+02   0.189E+02   0.191E+02   0.192E+02   0.194E+02   0.196E+02   0.198E+02   0.200E+02   0.202E+02
   0.204E+02   0.206E+02   0.209E+02   0.211E+02   0.214E+02   0.217E+02   0.220E+02   0.223E+02   0.226E+02   0.000E+00
   0.000E+00   0.000E+00   0.000E+00   0.000E+00   0.000E+00

 HIVAP  ENGOUT

   S-36 +  U-238 ---> Hs-274    07.03. 2000  08:25                      
    ELAB=   175.0      EXCIT=    35.0      CN= 274Hs  
    FUSION X-SECT=  0.3186E+02      LCRIT=  35.0
    EVAP SO FAR  0.7726E-08      FISSION  0.3186E+02

 MASS DISTRIBUTION
        4           3           2           1           0                 9           8           7           6           5
 274  0.0000E+00  0.0000E+00  0.2143E-09  0.4813E-08  0.2531E-08        0.2771E-10  0.1376E-09  0.2272E-11  0.0000E+00  0.0000E+00

 Z-DISTIBUTION
    Sg         Ns         Hs  
  0.168E-09  0.135E-08  0.621E-08

  CROSS SECTIONS (MB)
  268Hs      269Hs      270Hs      271Hs      272Hs      273Hs      274Hs  
  0.000E+00  0.280E-13  0.253E-08  0.368E-08  0.000E+00  0.000E+00  0.000E+00
  267Ns      268Ns      269Ns      270Ns      271Ns      272Ns      273Ns  
  0.000E+00  0.000E+00  0.000E+00  0.501E-11  0.113E-08  0.214E-09  0.000E+00
  266Sg      267Sg      268Sg      269Sg      270Sg      271Sg      272Sg  
  0.000E+00  0.227E-11  0.138E-09  0.277E-10  0.000E+00  0.224E-13  0.563E-13

 AVERAGE Z,DELTAZ,FWHMZ SO FAR  107.78    0.22    1.09
 AVERAGE A,DELTAA,FWHMA SO FAR  270.64    3.36    1.50


 SPECTRUM G
    AVERAGE=   3.879    SUM=   0.853E-02
    0.00      0    506   1657   2263   2142   1649   1107    673      0      0
 SPECTRUM G
    AVERAGE=   3.434    SUM=   0.525E-04
    0.00      8     79   1053   3275   5581      0      0      0      0      0
 SPECTRUM N
    AVERAGE=   2.080    SUM=   0.134E+01
    0.10    827   3618   2726   1520    743    332    140     56     21      8
   10.10      2      1      0      0      0      0      0      0      0      0
 SPECTRUM P
    AVERAGE=  11.256    SUM=   0.143E-03
    0.00      0      0      0      0      0      0     17    128    484   1132
   10.00   1821   2129   1856   1242    674    312    127     47     16      5
   20.00      1      0      0      0      0      0      0      0      0      0
 SPECTRUM A
    AVERAGE=  24.202    SUM=   0.325E-03
   10.00      0      0      0      0      0      0      0      0     35    114
   20.00    294    616   1069   1544   1848   1776   1323    772    369    152
   30.00     55     18      5      1      0      0      0      0      0      0
 SPECTRUM F
    AVERAGE=   0.680    SUM=   0.480E+02
    0.00   5916   2436    991    398    157     61     23      8      3      1

 HALFLIFE FIRST STEP IN UNITS OF 10**(-22) SEC AS FUNTION OF J
   0.479E+02   0.205E+02   0.205E+02   0.205E+02   0.205E+02   0.205E+02   0.205E+02   0.205E+02   0.204E+02   0.204E+02
   0.204E+02   0.204E+02   0.203E+02   0.203E+02   0.202E+02   0.201E+02   0.201E+02   0.200E+02   0.199E+02   0.199E+02
   0.198E+02   0.197E+02   0.196E+02   0.196E+02   0.195E+02   0.194E+02   0.193E+02   0.192E+02   0.191E+02   0.190E+02
   0.189E+02   0.188E+02   0.187E+02   0.186E+02   0.185E+02   0.183E+02   0.182E+02   0.181E+02   0.180E+02   0.178E+02
   0.177E+02   0.176E+02   0.174E+02   0.173E+02   0.171E+02   0.170E+02   0.168E+02   0.167E+02   0.165E+02   0.166E+02
   0.167E+02   0.168E+02   0.169E+02   0.171E+02   0.172E+02   0.173E+02   0.174E+02   0.176E+02   0.177E+02   0.178E+02
   0.180E+02   0.181E+02   0.183E+02   0.185E+02   0.186E+02   0.188E+02   0.190E+02   0.192E+02   0.194E+02   0.197E+02
   0.199E+02   0.201E+02   0.000E+00   0.000E+00   0.000E+00   0.000E+00   0.000E+00   0.000E+00

 HIVAP  ENGOUT

   S-36 +  U-238 ---> Hs-274    07.03. 2000  08:25                      
    ELAB=   180.0      EXCIT=    39.3      CN= 274Hs  
    FUSION X-SECT=  0.8008E+02      LCRIT=  48.0
    EVAP SO FAR  0.5789E-08      FISSION  0.8008E+02

 MASS DISTRIBUTION
        4           3           2           1           0                 9           8           7           6           5
 274  0.0000E+00  0.0000E+00  0.4640E-10  0.1594E-08  0.3836E-08        0.1205E-09  0.1011E-09  0.9106E-10  0.1928E-13  0.0000E+00

 Z-DISTIBUTION
    Sg         Ns         Hs  
  0.195E-09  0.132E-08  0.427E-08

  CROSS SECTIONS (MB)
  268Hs      269Hs      270Hs      271Hs      272Hs      273Hs      274Hs  
  0.000E+00  0.118E-09  0.353E-08  0.626E-09  0.000E+00  0.000E+00  0.000E+00
  267Ns      268Ns      269Ns      270Ns      271Ns      272Ns      273Ns  
  0.000E+00  0.000E+00  0.292E-14  0.308E-09  0.967E-09  0.464E-10  0.000E+00
  266Sg      267Sg      268Sg      269Sg      270Sg      271Sg      272Sg  
  0.193E-13  0.911E-10  0.101E-09  0.266E-11  0.000E+00  0.428E-12  0.278E-13

 AVERAGE Z,DELTAZ,FWHMZ SO FAR  107.70    0.30    1.24
 AVERAGE A,DELTAA,FWHMA SO FAR  270.19    3.81    1.68


 SPECTRUM G
    AVERAGE=   4.009    SUM=   0.249E-01
    0.00      0    439   1505   2154   2142   1736   1230    791      0      0
 SPECTRUM G
    AVERAGE=   3.460    SUM=   0.136E-03
    0.00      2     71    984   3205   5736      0      0      0      0      0
 SPECTRUM N
    AVERAGE=   2.213    SUM=   0.451E+01
    0.10    732   3390   2709   1608    839    402    182     79     33     13
   10.10      5      2      0      0      0      0      0      0      0      0
 SPECTRUM P
    AVERAGE=  11.593    SUM=   0.773E-03
    0.00      0      0      0      0      0      0     11     91    368    925
   10.00   1605   2033   1931   1415    847    435    199     83     32     11
   20.00      4      1      0      0      0      0      0      0      0      0
 SPECTRUM A
    AVERAGE=  24.644    SUM=   0.182E-02
   10.00      0      0      0      0      0      0      0      0     21     74
   20.00    205    461    861   1347   1755   1845   1515    980    524    243
   30.00    102     39     14      4      1      0      0      0      0      0
 SPECTRUM F
    AVERAGE=   0.739    SUM=   0.118E+03
    0.00   5717   2467   1053    445    186     76     31     12      5      1

 HALFLIFE FIRST STEP IN UNITS OF 10**(-22) SEC AS FUNTION OF J
   0.418E+02   0.188E+02   0.188E+02   0.188E+02   0.188E+02   0.187E+02   0.187E+02   0.187E+02   0.187E+02   0.187E+02
   0.186E+02   0.186E+02   0.186E+02   0.185E+02   0.185E+02   0.184E+02   0.184E+02   0.183E+02   0.182E+02   0.182E+02
   0.181E+02   0.181E+02   0.180E+02   0.179E+02   0.178E+02   0.177E+02   0.177E+02   0.176E+02   0.175E+02   0.174E+02
   0.173E+02   0.172E+02   0.171E+02   0.170E+02   0.169E+02   0.168E+02   0.167E+02   0.166E+02   0.165E+02   0.164E+02
   0.162E+02   0.161E+02   0.160E+02   0.158E+02   0.157E+02   0.156E+02   0.154E+02   0.153E+02   0.152E+02   0.153E+02
   0.154E+02   0.154E+02   0.155E+02   0.156E+02   0.157E+02   0.158E+02   0.159E+02   0.160E+02   0.161E+02   0.162E+02
   0.163E+02   0.164E+02   0.165E+02   0.166E+02   0.168E+02   0.169E+02   0.170E+02   0.172E+02   0.173E+02   0.175E+02
   0.176E+02   0.178E+02   0.179E+02   0.181E+02   0.000E+00   0.000E+00   0.000E+00   0.000E+00   0.000E+00   0.000E+00
   0.000E+00

 HIVAP  ENGOUT

   S-36 +  U-238 ---> Hs-274    07.03. 2000  08:25                      
    ELAB=   185.0      EXCIT=    43.7      CN= 274Hs  
    FUSION X-SECT=  0.1572E+03      LCRIT=  57.0
    EVAP SO FAR  0.4931E-08      FISSION  0.1572E+03

 MASS DISTRIBUTION
        4           3           2           1           0                 9           8           7           6           5
 274  0.0000E+00  0.0000E+00  0.1844E-11  0.1523E-09  0.2010E-08        0.2308E-08  0.2891E-10  0.4274E-09  0.3037E-11  0.0000E+00

 Z-DISTIBUTION
    Sg         Ns         Hs  
  0.460E-09  0.962E-09  0.351E-08

  CROSS SECTIONS (MB)
  268Hs      269Hs      270Hs      271Hs      272Hs      273Hs      274Hs  
  0.428E-13  0.231E-08  0.120E-08  0.000E+00  0.000E+00  0.000E+00  0.000E+00
  267Ns      268Ns      269Ns      270Ns      271Ns      272Ns      273Ns  
  0.000E+00  0.000E+00  0.180E-11  0.806E-09  0.152E-09  0.184E-11  0.000E+00
  266Sg      267Sg      268Sg      269Sg      270Sg      271Sg      272Sg  
  0.304E-11  0.427E-09  0.289E-10  0.000E+00  0.000E+00  0.758E-12  0.450E-14

 AVERAGE Z,DELTAZ,FWHMZ SO FAR  107.62    0.38    1.53
 AVERAGE A,DELTAA,FWHMA SO FAR  269.29    4.71    2.12


 SPECTRUM G
    AVERAGE=   4.122    SUM=   0.562E-01
    0.00      0    386   1379   2055   2131   1804   1338    903      0      0
 SPECTRUM G
    AVERAGE=   3.480    SUM=   0.275E-03
    0.00      1     64    927   3144   5862      0      0      0      0      0
 SPECTRUM N
    AVERAGE=   2.336    SUM=   0.114E+02
    0.10    658   3193   2678   1672    921    466    224    103     46     20
   10.10      8      3      1      0      0      0      0      0      0      0
 SPECTRUM P
    AVERAGE=  11.882    SUM=   0.291E-02
    0.00      0      0      0      0      0      0      8     68    290    772
   10.00   1424   1922   1951   1535    989    550    273    124     53     21
   20.00      8      3      1      0      0      0      0      0      0      0
 SPECTRUM A
    AVERAGE=  25.007    SUM=   0.703E-02
   10.00      0      0      0      0      0      0      0      0     14     51
   20.00    150    357    707   1179   1640   1850   1635   1144    665    337
   30.00    155     66     27     10      3      1      0      0      0      0
 SPECTRUM F
    AVERAGE=   0.794    SUM=   0.228E+03
    0.00   5542   2488   1107    488    213     92     39     16      7      2
   10.00      1      0      0      0      0      0      0      0      0      0

 HALFLIFE FIRST STEP IN UNITS OF 10**(-22) SEC AS FUNTION OF J
   0.371E+02   0.173E+02   0.173E+02   0.173E+02   0.173E+02   0.173E+02   0.173E+02   0.173E+02   0.172E+02   0.172E+02
   0.172E+02   0.172E+02   0.172E+02   0.171E+02   0.171E+02   0.170E+02   0.170E+02   0.169E+02   0.169E+02   0.168E+02
   0.167E+02   0.167E+02   0.166E+02   0.165E+02   0.165E+02   0.164E+02   0.163E+02   0.163E+02   0.162E+02   0.161E+02
   0.160E+02   0.159E+02   0.158E+02   0.158E+02   0.157E+02   0.156E+02   0.155E+02   0.154E+02   0.153E+02   0.152E+02
   0.151E+02   0.149E+02   0.148E+02   0.147E+02   0.146E+02   0.145E+02   0.144E+02   0.142E+02   0.141E+02   0.142E+02
   0.143E+02   0.143E+02   0.144E+02   0.144E+02   0.145E+02   0.146E+02   0.147E+02   0.147E+02   0.148E+02   0.149E+02
   0.150E+02   0.151E+02   0.152E+02   0.152E+02   0.153E+02   0.154E+02   0.156E+02   0.157E+02   0.158E+02   0.159E+02
   0.160E+02   0.161E+02   0.162E+02   0.164E+02   0.165E+02   0.166E+02   0.000E+00   0.000E+00   0.000E+00   0.000E+00
   0.000E+00   0.000E+00   0.000E+00

 HIVAP  ENGOUT

   S-36 +  U-238 ---> Hs-274    07.03. 2000  08:25                      
    ELAB=   190.0      EXCIT=    48.0      CN= 274Hs  
    FUSION X-SECT=  0.2513E+03      LCRIT=  62.0
    EVAP SO FAR  0.4558E-08      FISSION  0.2513E+03

 MASS DISTRIBUTION
        4           3           2           1           0                 9           8           7           6           5
 274  0.0000E+00  0.0000E+00  0.0000E+00  0.2663E-10  0.7019E-09        0.3479E-08  0.2768E-10  0.2936E-09  0.2937E-10  0.0000E+00

 Z-DISTIBUTION
    Sg         Ns         Hs  
  0.327E-09  0.581E-09  0.365E-08

  CROSS SECTIONS (MB)
  268Hs      269Hs      270Hs      271Hs      272Hs      273Hs      274Hs  
  0.244E-10  0.345E-08  0.171E-09  0.000E+00  0.000E+00  0.000E+00  0.000E+00
  267Ns      268Ns      269Ns      270Ns      271Ns      272Ns      273Ns  
  0.000E+00  0.202E-14  0.238E-10  0.531E-09  0.262E-10  0.000E+00  0.000E+00
  266Sg      267Sg      268Sg      269Sg      270Sg      271Sg      272Sg  
  0.294E-10  0.294E-09  0.332E-11  0.000E+00  0.000E+00  0.402E-12  0.000E+00

 AVERAGE Z,DELTAZ,FWHMZ SO FAR  107.73    0.27    1.38
 AVERAGE A,DELTAA,FWHMA SO FAR  269.01    4.99    1.67


 SPECTRUM G
    AVERAGE=   4.218    SUM=   0.103E+00
    0.00      0    346   1275   1967   2115   1858   1431   1005      0      0
 SPECTRUM G
    AVERAGE=   3.497    SUM=   0.449E-03
    0.00      0     59    881   3090   5967      0      0      0      0      0
 SPECTRUM N
    AVERAGE=   2.449    SUM=   0.227E+02
    0.10    600   3023   2641   1719    989    524    264    128     60     27
   10.10     12      5      2      0      0      0      0      0      0      0
 SPECTRUM P
    AVERAGE=  12.133    SUM=   0.809E-02
    0.00      0      0      0      0      0      0      6     53    236    658
   10.00   1274   1810   1939   1613   1103    652    346    169     77     34
   20.00     14      5      2      0      0      0      0      0      0      0
 SPECTRUM A
    AVERAGE=  25.311    SUM=   0.200E-01
   10.00      0      0      0      0      0      0      0      0      9     37
   20.00    114    285    594   1041   1527   1820   1704   1268    786    426
   30.00    211     98     43     18      7      2      1      0      0      0
 SPECTRUM F
    AVERAGE=   0.846    SUM=   0.360E+03
    0.00   5388   2501   1152    526    238    107     47     21      9      4
   10.00      1      0      0      0      0      0      0      0      0      0

 HALFLIFE FIRST STEP IN UNITS OF 10**(-22) SEC AS FUNTION OF J
   0.333E+02   0.161E+02   0.161E+02   0.161E+02   0.161E+02   0.160E+02   0.160E+02   0.160E+02   0.160E+02   0.160E+02
   0.160E+02   0.160E+02   0.160E+02   0.159E+02   0.159E+02   0.158E+02   0.158E+02   0.157E+02   0.157E+02   0.156E+02
   0.156E+02   0.155E+02   0.154E+02   0.154E+02   0.153E+02   0.153E+02   0.152E+02   0.151E+02   0.151E+02   0.150E+02
   0.149E+02   0.148E+02   0.148E+02   0.147E+02   0.146E+02   0.145E+02   0.144E+02   0.143E+02   0.142E+02   0.142E+02
   0.141E+02   0.140E+02   0.139E+02   0.138E+02   0.137E+02   0.135E+02   0.134E+02   0.133E+02   0.132E+02   0.133E+02
   0.133E+02   0.134E+02   0.135E+02   0.135E+02   0.136E+02   0.136E+02   0.137E+02   0.137E+02   0.138E+02   0.139E+02
   0.139E+02   0.140E+02   0.141E+02   0.142E+02   0.142E+02   0.143E+02   0.144E+02   0.145E+02   0.146E+02   0.147E+02
   0.148E+02   0.149E+02   0.150E+02   0.150E+02   0.151E+02   0.152E+02   0.154E+02   0.155E+02   0.156E+02   0.000E+00
   0.000E+00   0.000E+00   0.000E+00   0.000E+00   0.000E+00   0.000E+00

 HIVAP  ENGOUT

   S-36 +  U-238 ---> Hs-274    07.03. 2000  08:25                      
    ELAB=   195.0      EXCIT=    52.3      CN= 274Hs  
    FUSION X-SECT=  0.3424E+03      LCRIT=  66.0
    EVAP SO FAR  0.1648E-08      FISSION  0.3424E+03

 MASS DISTRIBUTION
        4           3           2           1           0                 9           8           7           6           5
 274  0.0000E+00  0.0000E+00  0.0000E+00  0.8610E-12  0.1571E-09        0.1040E-08  0.2483E-09  0.1144E-09  0.8772E-10  0.0000E+00

 Z-DISTIBUTION
    Sg         Ns         Hs  
  0.202E-09  0.205E-09  0.124E-08

  CROSS SECTIONS (MB)
  268Hs      269Hs      270Hs      271Hs      272Hs      273Hs      274Hs  
  0.248E-09  0.993E-09  0.000E+00  0.000E+00  0.000E+00  0.000E+00  0.000E+00
  267Ns      268Ns      269Ns      270Ns      271Ns      272Ns      273Ns  
  0.000E+00  0.402E-12  0.467E-10  0.157E-09  0.705E-12  0.000E+00  0.000E+00
  266Sg      267Sg      268Sg      269Sg      270Sg      271Sg      272Sg  
  0.877E-10  0.114E-09  0.000E+00  0.000E+00  0.000E+00  0.156E-12  0.000E+00

 AVERAGE Z,DELTAZ,FWHMZ SO FAR  107.63    0.37    1.63
 AVERAGE A,DELTAA,FWHMA SO FAR  268.65    5.35    2.21


 SPECTRUM G
    AVERAGE=   4.301    SUM=   0.161E+00
    0.00      0    313   1189   1890   2095   1899   1512   1098      0      0
 SPECTRUM G
    AVERAGE=   3.510    SUM=   0.624E-03
    0.00      0     55    843   3044   6056      0      0      0      0      0
 SPECTRUM N
    AVERAGE=   2.554    SUM=   0.374E+02
    0.10    552   2875   2599   1753   1046    575    302    152     74     35
   10.10     16      7      3      1      0      0      0      0      0      0
 SPECTRUM P
    AVERAGE=  12.355    SUM=   0.178E-01
    0.00      0      0      0      0      0      0      4     42    197    570
   10.00   1150   1705   1909   1663   1193    741    415    214    104     48
   20.00     21      9      3      1      0      0      0      0      0      0
 SPECTRUM A
    AVERAGE=  25.573    SUM=   0.447E-01
   10.00      0      0      0      0      0      0      0      0      7     28
   20.00     90    234    508    928   1421   1772   1740   1360    888    509
   30.00    267    131     61     27     12      5      2      0      0      0
 SPECTRUM F
    AVERAGE=   0.894    SUM=   0.485E+03
    0.00   5251   2508   1190    561    262    122     56     25     11      5
   10.00      2      1      0      0      0      0      0      0      0      0

 HALFLIFE FIRST STEP IN UNITS OF 10**(-22) SEC AS FUNTION OF J
   0.301E+02   0.150E+02   0.150E+02   0.150E+02   0.150E+02   0.150E+02   0.150E+02   0.149E+02   0.149E+02   0.149E+02
   0.149E+02   0.150E+02   0.149E+02   0.149E+02   0.148E+02   0.148E+02   0.147E+02   0.147E+02   0.146E+02   0.146E+02
   0.145E+02   0.145E+02   0.144E+02   0.144E+02   0.143E+02   0.143E+02   0.142E+02   0.141E+02   0.141E+02   0.140E+02
   0.140E+02   0.139E+02   0.138E+02   0.137E+02   0.137E+02   0.136E+02   0.135E+02   0.134E+02   0.134E+02   0.133E+02
   0.132E+02   0.131E+02   0.130E+02   0.129E+02   0.128E+02   0.127E+02   0.126E+02   0.125E+02   0.125E+02   0.125E+02
   0.126E+02   0.126E+02   0.127E+02   0.127E+02   0.127E+02   0.128E+02   0.128E+02   0.129E+02   0.130E+02   0.130E+02
   0.131E+02   0.131E+02   0.132E+02   0.133E+02   0.133E+02   0.134E+02   0.135E+02   0.135E+02   0.136E+02   0.137E+02
   0.138E+02   0.138E+02   0.139E+02   0.140E+02   0.141E+02   0.142E+02   0.142E+02   0.143E+02   0.144E+02   0.145E+02
   0.146E+02   0.000E+00   0.000E+00   0.000E+00   0.000E+00   0.000E+00   0.000E+00   0.000E+00

 HIVAP  ENGOUT

   S-36 +  U-238 ---> Hs-274    07.03. 2000  08:25                      
    ELAB=   200.0      EXCIT=    56.7      CN= 274Hs  
    FUSION X-SECT=  0.4189E+03      LCRIT=  70.0
    EVAP SO FAR  0.7828E-09      FISSION  0.4189E+03

 MASS DISTRIBUTION
        4           3           2           1           0                 9           8           7           6           5
 274  0.0000E+00  0.0000E+00  0.0000E+00  0.1996E-13  0.3058E-10        0.4134E-09  0.2252E-09  0.2281E-10  0.9084E-10  0.0000E+00

 Z-DISTIBUTION
    Sg         Ns         Hs  
  0.114E-09  0.840E-10  0.585E-09

  CROSS SECTIONS (MB)
  268Hs      269Hs      270Hs      271Hs      272Hs      273Hs      274Hs  
  0.218E-09  0.367E-09  0.000E+00  0.000E+00  0.000E+00  0.000E+00  0.000E+00
  267Ns      268Ns      269Ns      270Ns      271Ns      272Ns      273Ns  
  0.117E-14  0.693E-11  0.465E-10  0.306E-10  0.000E+00  0.000E+00  0.000E+00
  266Sg      267Sg      268Sg      269Sg      270Sg      271Sg      272Sg  
  0.908E-10  0.228E-10  0.000E+00  0.000E+00  0.000E+00  0.200E-13  0.000E+00

 AVERAGE Z,DELTAZ,FWHMZ SO FAR  107.60    0.40    1.72
 AVERAGE A,DELTAA,FWHMA SO FAR  268.35    5.65    2.43


 SPECTRUM G
    AVERAGE=   4.374    SUM=   0.221E+00
    0.00      0    287   1116   1821   2073   1933   1583   1184      0      0
 SPECTRUM G
    AVERAGE=   3.522    SUM=   0.778E-03
    0.00      0     51    811   3003   6133      0      0      0      0      0
 SPECTRUM N
    AVERAGE=   2.653    SUM=   0.543E+02
    0.10    511   2743   2555   1778   1095    623    338    177     90     44
   10.10     21     10      4      2      1      0      0      0      0      0
 SPECTRUM P
    AVERAGE=  12.557    SUM=   0.335E-01
    0.00      0      0      0      0      0      0      3     35    167    500
   10.00   1045   1607   1868   1693   1265    820    479    259    132     64
   20.00     30     13      6      2      1      0      0      0      0      0
 SPECTRUM A
    AVERAGE=  25.804    SUM=   0.847E-01
   10.00      0      0      0      0      0      0      0      0      5     22
   20.00     73    196    440    833   1325   1717   1755   1430    974    584
   30.00    321    166     82     39     18      8      3      1      0      0
 SPECTRUM F
    AVERAGE=   0.940    SUM=   0.586E+03
    0.00   5127   2512   1224    592    285    136     64     30     14      6
   10.00      3      1      0      0      0      0      0      0      0      0

 HALFLIFE FIRST STEP IN UNITS OF 10**(-22) SEC AS FUNTION OF J
   0.274E+02   0.140E+02   0.140E+02   0.140E+02   0.140E+02   0.140E+02   0.140E+02   0.140E+02   0.140E+02   0.140E+02
   0.139E+02   0.140E+02   0.140E+02   0.139E+02   0.139E+02   0.138E+02   0.138E+02   0.138E+02   0.137E+02   0.137E+02
   0.136E+02   0.136E+02   0.135E+02   0.135E+02   0.134E+02   0.134E+02   0.133E+02   0.133E+02   0.132E+02   0.132E+02
   0.131E+02   0.130E+02   0.130E+02   0.129E+02   0.129E+02   0.128E+02   0.127E+02   0.126E+02   0.126E+02   0.125E+02
   0.124E+02   0.124E+02   0.123E+02   0.122E+02   0.121E+02   0.120E+02   0.119E+02   0.119E+02   0.118E+02   0.118E+02
   0.119E+02   0.119E+02   0.119E+02   0.120E+02   0.120E+02   0.121E+02   0.121E+02   0.122E+02   0.122E+02   0.123E+02
   0.123E+02   0.124E+02   0.124E+02   0.125E+02   0.125E+02   0.126E+02   0.126E+02   0.127E+02   0.128E+02   0.129E+02
   0.129E+02   0.130E+02   0.130E+02   0.131E+02   0.132E+02   0.132E+02   0.133E+02   0.134E+02   0.135E+02   0.136E+02
   0.136E+02   0.137E+02   0.138E+02   0.000E+00   0.000E+00   0.000E+00   0.000E+00   0.000E+00   0.000E+00

 HIVAP  ENGOUT

   S-36 +  U-238 ---> Hs-274    07.03. 2000  08:25                      
    ELAB=   205.0      EXCIT=    61.0      CN= 274Hs  
    FUSION X-SECT=  0.4788E+03      LCRIT=  72.0
    EVAP SO FAR  0.2671E-09      FISSION  0.4788E+03

 MASS DISTRIBUTION
        4           3           2           1           0                 9           8           7           6           5
 274  0.0000E+00  0.0000E+00  0.0000E+00  0.0000E+00  0.2585E-11        0.8139E-10  0.1587E-09  0.2223E-11  0.2219E-10  0.0000E+00

 Z-DISTIBUTION
    Sg         Ns         Hs  
  0.243E-10  0.313E-10  0.212E-09

  CROSS SECTIONS (MB)
  268Hs      269Hs      270Hs      271Hs      272Hs      273Hs      274Hs  
  0.144E-09  0.673E-10  0.000E+00  0.000E+00  0.000E+00  0.000E+00  0.000E+00
  267Ns      268Ns      269Ns      270Ns      271Ns      272Ns      273Ns  
  0.138E-12  0.145E-10  0.141E-10  0.258E-11  0.000E+00  0.000E+00  0.000E+00
  266Sg      267Sg      268Sg      269Sg      270Sg      271Sg      272Sg  
  0.222E-10  0.209E-11  0.000E+00  0.000E+00  0.000E+00  0.000E+00  0.000E+00

 AVERAGE Z,DELTAZ,FWHMZ SO FAR  107.70    0.30    1.48
 AVERAGE A,DELTAA,FWHMA SO FAR  268.15    5.85    1.92


 SPECTRUM G
    AVERAGE=   4.440    SUM=   0.281E+00
    0.00      0    264   1052   1758   2051   1960   1647   1265      0      0
 SPECTRUM G
    AVERAGE=   3.532    SUM=   0.907E-03
    0.00      0     48    782   2965   6202      0      0      0      0      0
 SPECTRUM N
    AVERAGE=   2.749    SUM=   0.728E+02
    0.10    476   2623   2510   1795   1138    666    373    201    105     54
   10.10     27     13      6      3      1      0      0      0      0      0
 SPECTRUM P
    AVERAGE=  12.745    SUM=   0.567E-01
    0.00      0      0      0      0      0      0      3     29    143    443
   10.00    954   1515   1821   1708   1322    890    540    304    162     82
   20.00     40     19      9      4      1      0      0      0      0      0
 SPECTRUM A
    AVERAGE=  26.016    SUM=   0.144E+00
   10.00      0      0      0      0      0      0      0      0      4     18
   20.00     60    166    385    753   1236   1657   1754   1481   1048    653
   30.00    374    201    104     51     25     11      5      2      1      0
 SPECTRUM F
    AVERAGE=   0.985    SUM=   0.663E+03
    0.00   5012   2513   1253    621    306    150     73     35     17      8
   10.00      3      1      0      0      0      0      0      0      0      0

 HALFLIFE FIRST STEP IN UNITS OF 10**(-22) SEC AS FUNTION OF J
   0.251E+02   0.131E+02   0.131E+02   0.131E+02   0.131E+02   0.131E+02   0.131E+02   0.131E+02   0.131E+02   0.131E+02
   0.131E+02   0.132E+02   0.131E+02   0.131E+02   0.130E+02   0.130E+02   0.130E+02   0.129E+02   0.129E+02   0.128E+02
   0.128E+02   0.128E+02   0.127E+02   0.127E+02   0.126E+02   0.126E+02   0.125E+02   0.125E+02   0.124E+02   0.124E+02
   0.123E+02   0.123E+02   0.122E+02   0.122E+02   0.121E+02   0.120E+02   0.120E+02   0.119E+02   0.119E+02   0.118E+02
   0.117E+02   0.117E+02   0.116E+02   0.115E+02   0.115E+02   0.114E+02   0.113E+02   0.112E+02   0.112E+02   0.112E+02
   0.112E+02   0.113E+02   0.113E+02   0.113E+02   0.114E+02   0.114E+02   0.115E+02   0.115E+02   0.115E+02   0.116E+02
   0.116E+02   0.117E+02   0.117E+02   0.118E+02   0.118E+02   0.119E+02   0.119E+02   0.120E+02   0.120E+02   0.121E+02
   0.122E+02   0.122E+02   0.123E+02   0.123E+02   0.124E+02   0.125E+02   0.125E+02   0.126E+02   0.127E+02   0.127E+02
   0.128E+02   0.129E+02   0.129E+02   0.130E+02   0.000E+00   0.000E+00   0.000E+00   0.000E+00   0.000E+00   0.000E+00
   0.000E+00

 HIVAP  ENGOUT

   S-36 +  U-238 ---> Hs-274    07.03. 2000  08:25                      
    ELAB=   210.0      EXCIT=    65.4      CN= 274Hs  
    FUSION X-SECT=  0.5248E+03      LCRIT=  75.0
    EVAP SO FAR  0.8692E-10      FISSION  0.5248E+03

 MASS DISTRIBUTION
        4           3           2           1           0                 9           8           7           6           5
 274  0.0000E+00  0.0000E+00  0.0000E+00  0.0000E+00  0.0000E+00        0.3306E-11  0.7356E-10  0.1884E-11  0.8170E-11  0.0000E+00

 Z-DISTIBUTION
    Sg         Ns         Hs  
  0.817E-11  0.175E-10  0.613E-10

  CROSS SECTIONS (MB)
  268Hs      269Hs      270Hs      271Hs      272Hs      273Hs      274Hs  
  0.613E-10  0.000E+00  0.000E+00  0.000E+00  0.000E+00  0.000E+00  0.000E+00
  267Ns      268Ns      269Ns      270Ns      271Ns      272Ns      273Ns  
  0.188E-11  0.123E-10  0.331E-11  0.000E+00  0.000E+00  0.000E+00  0.000E+00
  266Sg      267Sg      268Sg      269Sg      270Sg      271Sg      272Sg  
  0.817E-11  0.000E+00  0.000E+00  0.000E+00  0.000E+00  0.000E+00  0.000E+00

 AVERAGE Z,DELTAZ,FWHMZ SO FAR  107.61    0.39    1.54
 AVERAGE A,DELTAA,FWHMA SO FAR  267.83    6.17    1.50


 SPECTRUM G
    AVERAGE=   4.499    SUM=   0.339E+00
    0.00      0    244    996   1700   2027   1982   1706   1341      0      0
 SPECTRUM G
    AVERAGE=   3.542    SUM=   0.102E-02
    0.00      0     46    757   2930   6265      0      0      0      0      0
 SPECTRUM N
    AVERAGE=   2.843    SUM=   0.926E+02
    0.10    446   2513   2463   1807   1175    706    406    225    122     64
   10.10     33     17      8      4      2      1      0      0      0      0
 SPECTRUM P
    AVERAGE=  12.921    SUM=   0.895E-01
    0.00      0      0      0      0      0      0      2     24    124    395
   10.00    875   1430   1771   1712   1368    951    598    348    192    101
   20.00     52     25     12      6      2      1      0      0      0      0
 SPECTRUM A
    AVERAGE=  26.211    SUM=   0.226E+00
   10.00      0      0      0      0      0      0      0      0      3     14
   20.00     50    143    340    683   1155   1596   1742   1519   1111    717
   30.00    425    237    127     65     33     16      7      3      1      0
 SPECTRUM F
    AVERAGE=   1.028    SUM=   0.720E+03
    0.00   4904   2511   1280    649    327    164     82     40     20      9
   10.00      4      2      1      0      0      0      0      0      0      0

 HALFLIFE FIRST STEP IN UNITS OF 10**(-22) SEC AS FUNTION OF J
   0.231E+02   0.123E+02   0.123E+02   0.123E+02   0.123E+02   0.123E+02   0.123E+02   0.123E+02   0.123E+02   0.123E+02
   0.123E+02   0.124E+02   0.124E+02   0.123E+02   0.123E+02   0.122E+02   0.122E+02   0.122E+02   0.121E+02   0.121E+02
   0.120E+02   0.120E+02   0.120E+02   0.119E+02   0.119E+02   0.118E+02   0.118E+02   0.118E+02   0.117E+02   0.117E+02
   0.116E+02   0.116E+02   0.115E+02   0.115E+02   0.114E+02   0.114E+02   0.113E+02   0.113E+02   0.112E+02   0.111E+02
   0.111E+02   0.110E+02   0.110E+02   0.109E+02   0.108E+02   0.108E+02   0.107E+02   0.106E+02   0.106E+02   0.106E+02
   0.107E+02   0.107E+02   0.107E+02   0.108E+02   0.108E+02   0.108E+02   0.109E+02   0.109E+02   0.109E+02   0.110E+02
   0.110E+02   0.111E+02   0.111E+02   0.111E+02   0.112E+02   0.112E+02   0.113E+02   0.113E+02   0.114E+02   0.115E+02
   0.115E+02   0.116E+02   0.116E+02   0.117E+02   0.117E+02   0.118E+02   0.118E+02   0.119E+02   0.119E+02   0.120E+02
   0.121E+02   0.121E+02   0.122E+02   0.123E+02   0.123E+02   0.124E+02   0.000E+00   0.000E+00   0.000E+00   0.000E+00
   0.000E+00   0.000E+00   0.000E+00
