          Programm HIVAP,  Autor  W.Reisdorf   Version fuer "rzri6f" vom  7. 6. 1994

           Bearbeitung F.P.Heßberger
           
   S-36 +  U-238 ---> Hs-274    07.03. 2000  08:25                      
           

 Unterprogramm SEPENF
 Q-Wert  -117.039 MeV
 Massen aus der Datei "mlz.dat" 

         Exp. Schaleneffekte,  SHELL0=    0.00
          Hs  268   Hs  269   Hs  270   Hs  271   Hs  272   Hs  273   Hs  274
             -2.49     -2.29     -2.09     -1.87     -1.64     -1.44     -1.13
          Ns  267   Ns  268   Ns  269   Ns  270   Ns  271   Ns  272   Ns  273
             -2.41     -2.03     -1.94     -1.80     -2.66     -3.17     -2.34
          Sg  266   Sg  267   Sg  268   Sg  269   Sg  270   Sg  271   Sg  272
             -2.33     -2.06     -1.79     -1.47     -1.16     -2.47     -1.64

           BARFAC=   1.000      BAR0=   0.000

          Separationsenergien (BN,BP,BA) und Spaltbarrieren
          Hs  268   Hs  269   Hs  270   Hs  271   Hs  272   Hs  273   Hs  274
              7.55      6.16      7.28      5.91      7.01      5.65      6.76
              2.94      3.02      3.38      3.47      3.55      3.73      3.90
            -10.37    -10.21    -10.05     -9.86     -9.69     -9.49     -9.29
              2.83      2.64      2.46      2.24      2.03      1.84      1.54
              0.00     -0.62      0.00     -0.61      0.00     -0.67      0.00
          Ns  267   Ns  268   Ns  269   Ns  270   Ns  271   Ns  272   Ns  273
              7.20      6.08      6.92      5.82      6.97      5.51      6.72
              1.87      2.23      2.31      2.68      2.62      2.80      2.99
             -9.89     -9.74     -9.58     -9.41     -9.30     -9.18     -9.07
              2.83      2.47      2.39      2.26      3.12      3.64      2.83
             -0.74     -1.07     -0.74     -1.34     -0.67     -1.33     -0.67
          Sg  266   Sg  267   Sg  268   Sg  269   Sg  270   Sg  271   Sg  272
              7.12      5.72      6.84      5.45      6.56      5.33      6.54
              3.85      3.92      4.28      4.36      4.73      4.56      4.73
             -9.42     -9.27     -9.12     -8.95     -8.79     -8.71     -8.60
              2.89      2.66      2.42      2.13      1.84      3.18      2.38
              0.00     -0.62      0.00     -0.61      0.00     -0.67      0.00

 benutzter Q-Wert  -117.039 MeV    effektiver Q-Wert  -117.039 MeV


E_lab = 135.000 MeV    E* =   0.224 MeV   nicht gerechnet, SIGFUS kleiner als 1 nb



 HIVAP  CASOUT

   S-36 +  U-238 ---> Hs-274    07.03. 2000  08:25                      


     E_lab  A*MeV   E*/MeV     SI_fus      SI_VR     SI_Spalt  L_krit     b_Spalt

   165.000    4.58    26.3  0.1513E+01  0.7316E-08  0.1513E+01     0.0      100.00
   170.000    4.72    30.6  0.9022E+01  0.1167E-07  0.9022E+01    13.0      100.00
   175.000    4.86    35.0  0.3186E+02  0.7726E-08  0.3186E+02    35.0      100.00
   180.000    5.00    39.3  0.8008E+02  0.5789E-08  0.8008E+02    48.0      100.00
   185.000    5.14    43.7  0.1572E+03  0.4931E-08  0.1572E+03    57.0      100.00
   190.000    5.28    48.0  0.2513E+03  0.4558E-08  0.2513E+03    62.0      100.00
   195.000    5.42    52.3  0.3424E+03  0.1648E-08  0.3424E+03    66.0      100.00
   200.000    5.56    56.7  0.4189E+03  0.7828E-09  0.4189E+03    70.0      100.00
   205.000    5.69    61.0  0.4788E+03  0.2671E-09  0.4788E+03    72.0      100.00
   210.000    5.83    65.4  0.5248E+03  0.8692E-10  0.5248E+03    75.0      100.00

     Querschnitte / mbarn

  E*/MeV   268Hs     269Hs     270Hs     271Hs     272Hs     273Hs     274Hs  
    26.3 0.000E+00 0.000E+00 0.323E-14 0.617E-08 0.487E-09 0.000E+00 0.000E+00
    30.6 0.000E+00 0.000E+00 0.154E-09 0.103E-07 0.000E+00 0.000E+00 0.000E+00
    35.0 0.000E+00 0.280E-13 0.253E-08 0.368E-08 0.000E+00 0.000E+00 0.000E+00
    39.3 0.000E+00 0.118E-09 0.353E-08 0.626E-09 0.000E+00 0.000E+00 0.000E+00
    43.7 0.428E-13 0.231E-08 0.120E-08 0.000E+00 0.000E+00 0.000E+00 0.000E+00
    48.0 0.244E-10 0.345E-08 0.171E-09 0.000E+00 0.000E+00 0.000E+00 0.000E+00
    52.3 0.248E-09 0.993E-09 0.000E+00 0.000E+00 0.000E+00 0.000E+00 0.000E+00
    56.7 0.218E-09 0.367E-09 0.000E+00 0.000E+00 0.000E+00 0.000E+00 0.000E+00
    61.0 0.144E-09 0.673E-10 0.000E+00 0.000E+00 0.000E+00 0.000E+00 0.000E+00
    65.4 0.613E-10 0.000E+00 0.000E+00 0.000E+00 0.000E+00 0.000E+00 0.000E+00

  E*/MeV   267Ns     268Ns     269Ns     270Ns     271Ns     272Ns     273Ns  
    26.3 0.000E+00 0.000E+00 0.000E+00 0.000E+00 0.813E-12 0.566E-09 0.532E-11
    30.6 0.000E+00 0.000E+00 0.000E+00 0.701E-15 0.177E-09 0.906E-09 0.395E-12
    35.0 0.000E+00 0.000E+00 0.000E+00 0.501E-11 0.113E-08 0.214E-09 0.000E+00
    39.3 0.000E+00 0.000E+00 0.292E-14 0.308E-09 0.967E-09 0.464E-10 0.000E+00
    43.7 0.000E+00 0.000E+00 0.180E-11 0.806E-09 0.152E-09 0.184E-11 0.000E+00
    48.0 0.000E+00 0.202E-14 0.238E-10 0.531E-09 0.262E-10 0.000E+00 0.000E+00
    52.3 0.000E+00 0.402E-12 0.467E-10 0.157E-09 0.705E-12 0.000E+00 0.000E+00
    56.7 0.117E-14 0.693E-11 0.465E-10 0.306E-10 0.000E+00 0.000E+00 0.000E+00
    61.0 0.138E-12 0.145E-10 0.141E-10 0.258E-11 0.000E+00 0.000E+00 0.000E+00
    65.4 0.188E-11 0.123E-10 0.331E-11 0.000E+00 0.000E+00 0.000E+00 0.000E+00

  E*/MeV   266Sg     267Sg     268Sg     269Sg     270Sg     271Sg     272Sg  
    26.3 0.000E+00 0.000E+00 0.409E-12 0.895E-10 0.652E-12 0.293E-21 0.638E-15
    30.6 0.000E+00 0.316E-14 0.307E-10 0.967E-10 0.000E+00 0.700E-16 0.157E-13
    35.0 0.000E+00 0.227E-11 0.138E-09 0.277E-10 0.000E+00 0.224E-13 0.563E-13
    39.3 0.193E-13 0.911E-10 0.101E-09 0.266E-11 0.000E+00 0.428E-12 0.278E-13
    43.7 0.304E-11 0.427E-09 0.289E-10 0.000E+00 0.000E+00 0.758E-12 0.450E-14
    48.0 0.294E-10 0.294E-09 0.332E-11 0.000E+00 0.000E+00 0.402E-12 0.000E+00
    52.3 0.877E-10 0.114E-09 0.000E+00 0.000E+00 0.000E+00 0.156E-12 0.000E+00
    56.7 0.908E-10 0.228E-10 0.000E+00 0.000E+00 0.000E+00 0.200E-13 0.000E+00
    61.0 0.222E-10 0.209E-11 0.000E+00 0.000E+00 0.000E+00 0.000E+00 0.000E+00
    65.4 0.817E-11 0.000E+00 0.000E+00 0.000E+00 0.000E+00 0.000E+00 0.000E+00

 Z-Verteilung  
 E*/MeV     Sg         Ns         Hs  
   26.3  0.906E-10 0.572E-09 0.665E-08
   30.6  0.127E-09 0.108E-08 0.105E-07
   35.0  0.168E-09 0.135E-08 0.621E-08
   39.3  0.195E-09 0.132E-08 0.427E-08
   43.7  0.460E-09 0.962E-09 0.351E-08
   48.0  0.327E-09 0.581E-09 0.365E-08
   52.3  0.202E-09 0.205E-09 0.124E-08
   56.7  0.114E-09 0.840E-10 0.585E-09
   61.0  0.243E-10 0.313E-10 0.212E-09
   65.4  0.817E-11 0.175E-10 0.613E-10

 Z und A Mittelwerte    
   E*/MeV     MW.Z  St.Abw.Z      MW.A  St.Abw.A
    26.3    107.90      0.34    271.12      0.43
    30.6    107.89      0.35    271.04      0.38
    35.0    107.78      0.46    270.64      0.64
    39.3    107.70      0.53    270.19      0.71
    43.7    107.62      0.65    269.29      0.90
    48.0    107.73      0.58    269.01      0.71
    52.3    107.63      0.69    268.65      0.94
    56.7    107.60      0.73    268.35      1.03
    61.0    107.70      0.63    268.15      0.81
    65.4    107.61      0.65    267.83      0.64
                                                                        
           



 Ende HIVAP 
