   1   1   5   1   5                                                                    
   7.289  13.136  14.950  25.920  33.790                                                
   2   3   8   3   8                                                                    
  14.931   2.425  11.390  17.597  26.111  31.609                                        
   3   1  11   4  11                                                                    
      0.      0.      0.  25.130  11.680  14.087  14.908  20.947  24.955  33.830        
  40.940                                                                                
   4   1  14   6  14                                                                    
      0.      0.      0.      0.      0.  18.375  15.770   4.942  11.348  12.608        
  20.176  25.030  34.900  40.970                                                        
   5   1  17   1  17                                                                    
      0.      0.      0.      0.      0.      0.  27.940  22.922  12.416  12.052        
   8.668  13.370  16.562  23.657  29.530  38.000  45.270                                
   6   1  19   8  19                                                                    
      0.      0.      0.      0.      0.      0.      0.  35.190  28.912  15.703        
  10.650   0.001   3.125   3.020   9.873  13.693  21.060  25.370  34.430                
   7   1  21  10  21                                                                    
      0.      0.      0.      0.      0.      0.      0.      0.      0.  39.500        
  25.230  17.338   5.346   2.863   0.102   5.682   7.870  13.274  15.600  22.200        
  26.950                                                                                
   8  11  30  12  23                                                                    
      0.  32.070  23.105   8.008   2.855  -4.737  -0.810  -0.783   3.331   3.799        
   8.120   9.490  17.950  20.991  28.991  33.664  43.479  49.715  59.971  67.232        
   9  11  30  14  25                                                                    
      0.      0.      0.  33.610  17.660  10.692   1.952   0.873  -1.487  -0.017        
  -0.047   2.826   3.350   8.650  12.840  16.952  20.911  28.708  34.056  43.666        
  10  11  30  16  27                                                                    
      0.      0.      0.      0.      0.  24.110  16.478   5.319   1.751  -7.043        
  -5.733  -8.026  -5.155  -5.949  -2.150   -.190   6.670   7.698  14.931  18.049        
  11  11  39  18  32                                                                    
      0.      0.      0.      0.      0.      0.      0.  25.320  12.930   6.844        
  -2.186  -5.184  -9.530  -8.418  -9.357  -6.888  -5.630  -1.130   2.660   8.380        
  10.610  16.410  20.500  29.295  36.211  46.439  55.101  67.088  77.773                
  12  11  33  20  33                                                                    
      0.      0.      0.      0.      0.      0.      0.      0.      0.  17.568        
  10.912  -0.394  -5.471 -13.931 -13.191 -16.212 -14.585 -15.016 -10.750  -9.790        
  -3.90   -2.89    4.13                                                                 
  13  21  40  22  35                                                                    
  27.645  18.21    6.768  -0.052  -8.913 -12.208 -17.194 -16.848 -18.212 -15.890        
 -15.100 -11.29   -9.37   -4.15   -0.84    3.975   8.512  16.072  22.091  31.255        
  14  21  40  24  37                                                                    
      0.  33.773  23.795  10.74    3.824  -7.143 -12.385 -21.491 -21.894 -24.432        
 -22.949 -24.092 -20.570 -20.25  -15.04  -12.67   -7.01   -4.815   2.233   6.557        
  15  21  40  26  39                                                                    
      0.      0.  45.393  33.373  20.242  11.26    -.59   -7.160 -16.949 -20.205        
 -24.440 -24.305 -26.337 -24.550 -24.940 -20.77  -19.01  -14.56  -12.30   -7.193        
  16  21  41  28  41                                                                    
      0.      0.      0.  54.350  41.421  26.731  16.870   4.19   -3.160 -14.062        
 -19.044 -26.015 -26.586 -29.931 -28.846 -30.666 -26.908 -26.862 -23.00  -22.24         
 -18.10                                                                                 
  17  21  45  30  43                                                                    
      0.      0.      0.      0.      0.      0.      0.      0.      0.   4.84         
  -7.07  -13.329 -21.003 -24.438 -29.014 -29.522 -31.762 -29.798 -29.803 -27.540        
 -27.400 -24.42  -23.140 -19.189 -16.743                                                
  18  31  46  32  46                                                                    
  10.036  -2.21   -9.385 -18.379 -23.049 -30.231 -30.948 -34.715 -33.241 -35.040        
 -33.068 -34.420 -31.980 -32.271 -29.730 -29.730                                        
  19  31  48  34  48                                                                    
  31.415  19.890   7.337  -1.48  -11.169 -17.426 -24.799 -28.802 -33.806 -33.535        
 -35.560 -35.023 -36.588 -35.807 -36.611 -35.420 -35.698 -32.220                        
  20  31  50  36  50  36  50                                                            
  54.937  39.021  27.249  13.758   4.392  -6.65  -13.164 -22.06  -27.282 -34.847        
 -35.139 -38.544 -38.405 -41.466 -40.810 -43.138 -42.343 -44.216 -41.286 -39.572        
  21  31  60  38  52  41  51                                                            
      0.      0.      0.      0.      0.      0.      0.  -4.46  -14.08  -20.527        
 -28.644 -32.121 -36.185 -37.811 -41.067 -41.756 -44.331 -44.498 -46.555 -44.539        
 -43.220 -40.14  -37.956 -33.358 -30.923 -25.528 -22.572 -16.575 -13.144  -6.692        
  22  31  60  40  54  40  53                                                            
      0.      0.      0.      0.      0.      0.      0.      0.      0.  -9.04         
 -15.780 -25.122 -29.324 -37.546 -39.004 -44.123 -44.931 -48.488 -48.559 -51.432        
 -49.733 -49.469 -46.890 -45.33  -41.285 -40.040 -34.768 -32.948 -27.060 -24.715        
  23  41  60  42  56  45  54                                                            
      0.  -8.02  -18.02  -23.85  -31.879 -37.071 -42.001 -44.473 -47.957 -49.219        
 -52.199 -51.439 -51.863 -49.930 -49.01  -46.21  -45.082 -41.054 -39.338 -34.641        
  24  41  60  44  58  44  56                                                            
      0.      0.      0. -13.500 -19.460 -29.461 -34.618 -42.818 -45.329 -50.258        
 -51.448 -55.415 -55.284 -56.931 -55.106 -55.265 -52.790 -52.05  -48.733 -48.113        
  25  41  60  46  60  49  59                                                            
      0.      0.      0.      0.  -4.914 -12.47  -22.92  -29.17  -37.613 -42.626        
 -48.240 -50.704 -54.687 -55.554 -57.710 -56.909 -57.487 -56.210 -55.478 -52.95         
  26  41  70  49  62  49  62                                                            
      0.      0.      0.      0.      0.   0.554  -7.067 -17.974 -24.470 -34.43         
 -40.228 -48.332 -50.944 -56.251 -57.479 -60.604 -60.179 -62.152 -60.661 -61.437        
 -59.010 -58.930 -56.276 -56.184 -52.259 -51.552 -47.145 -45.819 -41.003 -39.033        
  27  51  70  51  64  53  64                                                            
 -27.414 -34.288 -42.640 -48.010 -54.024 -56.036 -59.343 -59.844 -62.226 -61.647        
 -62.897 -61.573 -61.851 -59.792 -60.091 -57.246 -56.623 -53.254 -52.004 -48.187        
  28  51  70  53  67  53  67                                                            
 -12.171 -22.760 -29.410 -39.289 -45.334 -53.903 -56.100 -60.225 -61.153 -64.470        
 -64.220 -66.746 -65.513 -67.098 -65.125 -66.021 -63.555 -63.633 -60.353 -60.035        
  29  51  70  55  70  58  70                                                            
      0.      0.      0.      0. -31.530 -38.500 -47.072 -51.659 -56.353 -58.341        
 -61.980 -62.798 -65.579 -65.423 -67.261 -66.257 -67.305 -65.390 -65.940 -63.230        
  30  51  80  57  78  57  78                                                            
      0.      0.      0.      0.      0.      0. -32.630 -42.260 -47.590 -54.185        
 -56.580 -61.169 -62.213 -66.001 -65.909 -68.898 -67.880 -70.006 -68.417 -69.560        
 -67.324 -68.136 -65.030 -65.820 -62.792 -62.174 -58.735 -57.422 -53.491 -51.564        
  31  61  80  61  80  63  79                                                            
 -47.233 -51.935 -56.690 -58.836 -62.650 -63.723 -66.879 -67.085 -69.322 -68.905        
 -70.144 -68.594 -69.730 -67.920 -68.560 -66.098 -65.965 -63.230 -62.455 -59.351        
  32  61  82  63  82  64  80                                                            
 -33.967 -42.358 -46.970 -54.430 -56.413 -61.621 -62.450 -66.971 -67.096 -70.561        
 -69.909 -72.584 -71.294 -73.422 -71.856 -73.213 -71.214 -71.760 -69.420 -68.990        
 -66.340 -65.790                                                                        
  33  61  90  65  84  69  83                                                            
 -17.885 -25.159 -33.621 -39.537 -46.657 -51.798 -56.334 -58.949 -63.130 -64.339        
 -67.900 -68.233 -70.957 -70.860 -73.032 -72.289 -73.921 -72.740 -73.720 -71.760        
 -72.590 -70.335 -69.945 -65.167 -62.429 -57.253 -54.071 -48.433 -44.938 -38.915        
  34  61  90  67  86  69  84                                                            
      0. -10.458 -17.592 -27.384 -33.191 -41.757 -46.347 -53.902 -56.278 -61.590        
 -63.100 -67.893 -68.217 -72.211 -72.167 -75.258 -74.605 -77.030 -75.919 -77.757        
 -76.387 -77.587 -75.443 -75.943 -71.674 -69.771 -64.976 -62.494 -57.126 -54.220        
  35  61  96  69  90  73  86   WAPSTRA-AUDI  &  MOLLER-MYERS                            
      0.      0.      0.      0.      0.      0.      0.      0. -46.800 -51.140        
 -56.244 -59.073 -63.580 -65.294 -69.157 -70.301 -73.240 -73.456 -76.075 -75.886        
 -77.971 -77.503 -79.022 -77.760 -78.607 -75.640 -73.856 -70.720 -68.420 -64.650        
 -60.62  -56.46  -53.26  -48.74  -45.13  -40.15                                         
  36  71 100  71  93  73  92                                                            
 -45.801 -53.711 -56.226 -62.060 -63.822 -69.100 -70.240 -74.150 -74.444 -77.897        
 -77.660 -80.596 -79.985 -82.432 -81.472 -83.264 -80.706 -79.697 -76.790 -75.230        
 -71.760 -69.220 -64.184 -61.695 -56.645 -53.881 -48.440 -45.440 -39.686 -36.465        
  37  71 100  74  99  75  95                                                            
 -31.913 -37.963 -45.559 -51.586 -56.217 -59.206 -65.240 -66.239 -70.860 -72.190        
 -75.398 -76.218 -78.987 -79.752 -82.159 -82.738 -84.596 -82.605 -81.718 -79.620        
 -77.960 -75.190 -72.746 -68.890 -66.495 -62.130 -59.420 -54.634 -51.654 -46.523        
  38  71 100  77  98  77  96                                                            
      0.      0.      0.      0.      0.      0. -57.960 -63.850 -65.930 -70.390        
 -71.410 -75.999 -76.737 -80.641 -81.095 -84.512 -84.869 -87.911 -86.204 -85.937        
 -83.664 -82.891 -80.040 -78.960 -75.024 -73.390 -69.179 -67.214 -62.573 -60.320        
  39  81 100  82  99  86  99                                                            
 -64.786 -68.39  -72.48  -73.692 -77.835 -79.240 -83.008 -84.292 -87.696 -86.483        
 -86.348 -84.821 -84.226 -82.381 -81.236 -77.905 -76.536 -73.675 -71.402 -67.501        
  40  81 101  84 101  87 100                                                            
 -56.251 -62.644 -65.139 -70.706 -72.734 -77.595 -79.430 -83.615 -84.865 -88.759        
 -87.891 -88.455 -87.116 -87.264 -85.666 -85.441 -82.955 -81.288 -77.850 -77.131        
 -73.050                                                                                
  41  81 103  86 103  89 101                                                            
 -44.708 -51.151 -56.318 -59.704 -65.575 -68.345 -73.638 -75.984 -80.614 -82.648        
 -86.634 -86.447 -87.209 -86.366 -86.788 -85.609 -85.617 -83.510 -82.345 -80.190        
 -78.950 -76.360 -75.410                                                                
  42  81 110  88 105  90 102                                                            
 -30.138 -39.344 -44.561 -52.798 -56.445 -62.948 -66.095 -71.874 -74.647 -80.161        
 -82.198 -86.807 -86.802 -88.412 -87.714 -88.796 -87.544 -88.115 -85.969 -86.189        
 -83.516 -83.562 -80.976 -80.438 -77.261 -76.428 -72.925 -71.795 -68.020 -66.579        
  43  81 110  90 107  91 105                                                            
      0.      0.      0.      0.      0.      0.      0.      0.      0. -70.970        
 -75.980 -78.936 -83.610 -84.152 -86.014 -85.823 -87.224 -86.433 -87.326 -86.019        
 -86.327 -84.775 -84.910 -82.578 -82.540 -79.656 -79.098 -76.082 -75.213 -71.919        
  44  91 110  93 109  94 108                                                            
 -67.452 -73.481 -76.974 -82.571 -83.452 -86.075 -86.070 -88.226 -87.620 -89.222        
 -87.951 -89.100 -87.261 -88.100 -85.938 -86.332 -83.710 -83.820 -80.695 -80.297        
  45  91 114  92 114  92 114   WAPSTRA-AUDI & MOLLER-MYERS                              
 -58.7   -63.140 -69.110 -72.940 -78.340 -79.634 -82.560 -83.168 -85.517 -85.592        
 -87.410 -86.777 -88.024 -86.953 -87.856 -86.372 -86.860 -85.080 -85.021 -82.940        
 -82.330 -79.730 -78.740 -75.960                                                        
  46  91 125  94 116  99 112   WAPSTRA-AUDI & MOLLER-MYERS                              
 -46.79  -55.61  -59.17  -66.270 -70.150 -76.180 -77.800 -81.301 -82.193 -85.221        
 -85.428 -87.925 -87.478 -89.400 -88.423 -89.912 -88.371 -89.524 -87.606 -88.335        
 -86.030 -86.333 -83.680 -83.460 -80.590 -80.140 -76.85  -75.44  -72.03  -70.46         
 -67.20  -66.04  -62.46  -61.10  -57.11                                                 
  47  91 129  96 121 100 117  WAPSTRA-AUDI & MOLLER-MYERS                               
 -31.00  -37.57  -46.46  -52.05  -60.30  -64.430 -70.790 -73.000 -76.760 -78.170        
 -81.030 -82.330 -84.800 -85.150 -87.073 -86.930 -88.404 -87.601 -88.722 -87.456        
 -88.217 -86.624 -87.040 -84.960 -84.950 -82.760 -82.250 -79.580 -78.590 -75.770        
 -74.550 -71.67  -70.11  -66.86  -65.06  -61.95  -59.69  -56.61  -53.74                 
  48  91 129  98 123 103 120  WAPSTRA-AUDI & MOLLER-MYERS                               
   0.0     0.0     0.0     0.0     0.0     0.0     0.0   -67.900 -69.890 -74.320        
 -75.660 -79.720 -80.650 -83.977 -84.339 -87.132 -86.987 -89.251 -88.540 -90.349        
 -89.254 -90.581 -89.050 -90.021 -88.091 -88.720 -86.416 -86.709 -83.940 -83.973        
 -80.950 -80.580 -77.520 -77.05  -74.02  -72.64  -69.56  -67.86  -64.81                 
  49  91 132 100 132 106 129  WAPSTRA-AUDI                                              
   0.0     0.0     0.0     0.0     0.0     0.0     0.0     0.0     0.0   -63.870        
 -68.360 -70.580 -74.607 -76.080 -79.493 -80.617 -83.500 -84.100 -86.524 -86.409        
 -88.405 -87.999 -89.372 -88.575 -89.541 -88.253 -88.945 -87.450 -87.728 -85.780        
 -85.835 -83.440 -83.420 -81.060 -80.420 -77.810 -77.010 -74.020 -73.020 -70.010        
 -68.490 -63.210                                                                        
  50 101 140 104 132 110 132                                                            
 -57.705 -63.092 -65.566 -71.15  -73.09  -76.99  -78.40  -81.90  -82.62  -85.834        
 -85.941 -88.658 -88.332 -90.560 -90.035 -91.526 -90.399 -91.654 -90.067 -91.102        
 -89.202 -89.946 -87.821 -88.240 -85.902 -86.024 -83.600 -83.440 -80.640 -80.380        
 -77.48  -76.390 -69.466 -64.904 -58.616 -54.256 -47.573 -43.320 -36.346 -32.107        
  51 101 140 106 134 112 133                                                            
      0.      0.      0.      0.      0. -66.19  -70.40  -72.40  -76.12  -77.43         
 -80.84  -81.740 -84.443 -84.870 -87.005 -86.930 -88.654 -87.967 -89.483 -88.421        
 -89.588 -88.323 -89.218 -87.613 -88.252 -86.402 -86.704 -84.730 -84.630 -82.380        
 -82.10  -79.610 -78.980 -73.87  -68.752 -63.171 -59.059 -52.997 -48.893 -42.480        
  52 101 140 108 136 111 135                                                            
      0.      0.      0.      0.      0.      0.      0. -65.32  -67.47  -71.76         
 -73.470 -77.55  -78.54  -82.19  -82.420 -85.370 -85.164 -87.671 -87.189 -89.404        
 -88.508 -90.304 -89.166 -90.518 -89.019 -90.066 -88.285 -88.992 -87.007 -87.348        
 -85.201 -85.213 -82.930 -82.67  -77.600 -74.83  -68.698 -65.302 -59.561 -56.084        
  53 111 140 112 138 116 137 ------------------------------------------                 
 -64.011 -67.44  -71.44  -73.07  -76.62  -77.610 -80.850 -81.37  -83.820 -84.000        
 -86.140 -86.160 -87.970 -87.361 -88.841 -87.911 -88.980 -87.734 -88.505 -86.897        
 -87.451 -85.706 -85.902 -83.970 -83.796 -79.430 -76.720 -71.73  -68.308 -63.163        
  54 111 150 114 142 116 142 ------------------------------------------                 
 -53.432 -58.983 -61.515 -67.09  -68.70  -73.270 -74.48  -78.07  -78.830 -82.050        
 -82.350 -85.16  -85.290 -87.450 -87.110 -89.162 -88.316 -89.861 -88.698 -89.881        
 -88.421 -89.286 -87.662 -88.125 -86.506 -86.425 -82.215 -80.03  -75.750 -73.180        
 -69.000 -66.050 -60.143 -57.302 -51.767 -48.755 -43.006 -39.759 -33.804 -30.274        
  55 111 150 116 147 120 142 ------------------------------------------                 
 -41.147 -44.898 -50.760 -53.906 -59.123 -62.63  -66.85  -68.67  -72.53  -73.640        
 -77.15  -78.01  -80.89  -81.530 -84.040 -84.330 -86.206 -85.935 -87.563 -86.863        
 -88.066 -87.175 -88.089 -86.909 -87.665 -86.358 -86.560 -82.77  -80.630 -77.240        
 -75.000 -70.950 -68.36  -63.93  -61.72  -55.460 -52.640 -47.517 -44.442 -39.098        
  56 111 150 119 146 121 142 -----------------------------------------                  
 -26.46  -34.22  -38.29  -44.73  -48.18  -53.96  -56.80  -61.93  -64.53  -69.05         
 -70.570 -74.26  -75.39  -78.75  -79.460 -82.56  -82.760 -85.482 -85.116 -87.303        
 -86.726 -88.453 -87.569 -88.968 -87.870 -88.906 -87.733 -88.273 -84.925 -83.285        
 -79.980 -77.820 -74.01  -72.03  -67.82  -65.56  -60.719 -58.447 -53.575 -51.016        
  57 111 150 127 147 131 143  -----------------------------------------                 
   0.      0.    -23.42  -29.91  -35.52  -39.58  -45.66  -49.09  -54.51  -57.32         
 -62.09  -64.32  -68.49  -70.17  -73.78  -74.95  -77.76  -78.68  -81.12  -81.60         
 -83.770 -83.740 -85.57  -85.268 -86.670 -86.040 -87.13  -86.524 -87.231 -84.320        
 -83.008 -80.018 -78.310 -74.93  -72.92  -69.46  -67.54  -63.125 -61.062 -56.818        
  58 111 150 131 149 135 146  ---------------------------------------                   
   0.      0.      0.    -14.82  -20.48  -28.44  -32.81  -39.44  -43.16  -49.11         
 -52.20  -57.48  -59.96  -64.60  -66.51  -70.57  -71.96  -75.48  -76.39  -79.43         
 -79.47  -82.34  -82.17  -84.77  -84.550 -86.500 -85.91  -87.565 -86.966 -88.081        
 -85.438 -84.535 -81.610 -80.431 -77.120 -75.760 -72.24  -70.71  -67.47  -65.548        
  59 111 151 133 151 135 149 ------------------------------------------                 
   0.      0.      0.      0.      0.      0.    -17.59  -24.26  -30.11  -34.42         
 -40.64  -44.28  -49.83  -52.84  -57.72  -60.14  -64.41  -66.27  -69.99  -71.35         
 -74.568 -75.486 -77.97  -78.47  -80.990 -81.400 -83.21  -83.128 -84.854 -84.693        
 -86.018 -83.790 -83.065 -80.750 -79.625 -76.840 -75.440 -72.51  -71.370 -68.68         
 -67.44                                                                                 
  60 121 160 135 153 136 152 ----------------------------------------                   
 -27.39  -34.14  -38.05  -44.09  -47.35  -52.72  -55.36  -60.09  -62.16  -66.30         
 -67.856 -71.479 -72.572 -75.733 -76.29  -79.19  -79.41  -82.03  -82.050 -84.220        
 -84.203 -85.949 -84.000 -83.746 -81.430 -80.923 -78.144 -77.407 -74.374 -73.682        
 -70.945 -70.146 -67.36  -65.789 -62.270 -60.615 -56.759 -54.620 -50.418 -47.794        
  61 131 160 137 155 139 154                                                            
      0.      0.      0.      0.      0.      0. -74.21  -75.03  -77.50  -78.180        
 -80.470 -81.060 -82.959 -81.416 -81.270 -79.442 -79.040 -76.870 -76.063 -73.550        
 -73.386 -71.290 -70.760 -68.450 -67.10  -63.873 -62.389 -59.088 -57.101 -53.436        
  62 131 160 139 157 139 157                                                            
      0.      0.      0.      0.      0.      0.      0.      0. -72.30  -75.48         
 -75.910 -78.978 -79.511 -81.964 -80.656 -80.984 -79.265 -79.335 -77.135 -77.049        
 -74.576 -74.763 -72.559 -72.456 -70.198 -69.370 -66.870 -65.612 -62.453 -60.896        
  63 141 160 141 160 141 159                                                            
 -69.880 -71.48  -74.410 -75.636 -77.936 -77.111 -77.535 -76.235 -76.439 -74.756        
 -74.650 -72.884 -73.363 -71.726 -71.825 -70.083 -69.465 -67.240 -65.930 -63.540        
  64 131 170   0   0 147 162   EXT LIRAN ZELDES                                         
 -26.32  -32.40  -35.86  -41.29  -44.16  -49.01  -51.36  -55.70  -57.61  -61.51         
 -63.07  -66.62  -67.90  -71.18  -72.27  -75.52  -75.207 -76.268 -75.131 -75.765        
 -74.168 -74.703 -73.119 -73.704 -72.071 -72.536 -70.825 -70.691 -68.562 -67.943        
 -65.507 -64.360 -61.778 -60.300 -57.057 -55.090 -51.442 -49.002 -44.927 -42.054        
  65 131 170   0   0 148 164   EXT LIRAN ZELDES                                         
 -12.05  -16.64  -22.95  -26.88  -32.53  -35.87  -40.93  -43.74  -48.27  -50.63         
 -54.72  -56.71  -60.45  -62.16  -65.63  -67.15  -70.53  -70.640 -71.434 -71.098        
 -71.608 -70.853 -71.329 -70.240 -71.256 -70.098 -70.767 -69.475 -69.536 -67.840        
 -67.466 -65.760 -64.680 -62.110 -61.010 -58.267 -56.456 -53.301 -51.012 -47.419        
  66 131 170   0   0 151 166   EXT LIRAN ZELDES                                         
   0.0    -3.66   -8.47  -15.23  -19.39  -25.48  -29.04  -34.53  -37.55  -42.51         
 -45.07  -49.58  -51.77  -55.92  -57.82  -61.69  -63.40  -67.22  -67.52  -68.94         
 -68.601 -70.116 -69.155 -70.392 -69.157 -70.527 -69.425 -70.410 -69.171 -69.674        
 -68.056 -68.181 -66.382 -65.967 -63.611 -62.582 -60.127 -58.733 -55.705 -53.847        
  67 131 170   0   0 152 170    EXT LIRAN ZELDES                                        
   0.0     0.0     0.0     0.0     0.0     0.0   -15.67  -19.70  -25.41  -28.90         
 -34.07  -37.09  -41.81  -44.44  -48.79  -51.12  -55.19  -57.32  -61.26  -61.98         
 -63.53  -63.710 -64.954 -64.635 -66.055 -65.43  -66.890 -66.433 -67.318 -66.388        
 -67.203 -66.047 -66.379 -64.937 -64.896 -63.067 -62.316 -60.270 -58.793 -56.100        
  68 141 180   0   0 155 173    EXT LIRAN ZELDES                                        
 -21.67  -27.28  -30.52  -35.66  -38.50  -43.27  -45.80  -50.28  -52.61  -56.96         
 -57.95  -60.07  -60.47  -62.24  -62.057 -63.93  -63.09  -65.03  -64.390 -66.052        
 -65.197 -66.335 -65.168 -65.940 -64.518 -64.921 -63.286 -62.985 -60.917 -60.104        
 -57.714 -56.491 -53.730 -52.018 -48.770 -46.726 -43.054 -40.666 -36.579 -33.875        
  69 141 180   0   0 156 175    EXT LIRAN ZELDES                                        
   0.0   -12.02  -17.86  -21.56  -26.92  -30.21  -35.19  -38.17  -42.85  -45.60         
 -50.06  -51.46  -53.72  -54.61  -56.51  -56.950 -58.49  -58.43  -60.19  -60.130        
 -61.68  -61.540 -62.770 -61.978 -62.924 -61.874 -62.537 -61.306 -61.269 -59.791        
 -59.205 -57.380 -56.226 -53.850 -52.290 -49.59  -47.590 -44.354 -42.113 -38.450        
  70 141 180   0   0 165 178    EXT LIRAN ZELDES                                        
   0.0     0.0    -3.80  -10.07  -14.00  -19.80  -23.32  -28.72  -31.91  -37.00         
 -39.95  -44.79  -46.46  -49.29  -50.38  -52.79  -53.13  -55.33  -55.42  -57.57         
 -57.54  -59.50  -59.26  -60.88  -60.161 -61.582 -60.583 -61.565 -60.361 -60.759        
 -59.302 -59.250 -57.546 -56.940 -54.691 -53.490 -50.986 -49.660 -46.395 -44.665        
  71 141 180   0   0 166 180     EXT LIRAN ZELDES                                       
   0.0     0.0     0.0     0.0     0.0     0.0   -10.13  -14.11  -19.73  -23.36         
 -28.66  -32.04  -36.99  -39.08  -42.05  -43.63  -46.18  -46.99  -49.30  -49.82         
 -52.05  -52.42  -54.46  -54.63  -56.34  -56.100 -57.450 -57.100 -57.881 -57.319        
 -57.821 -56.726 -56.871 -55.562 -55.159 -53.381 -52.382 -50.300 -49.110 -46.680        
  72 151 190   0   0 169 184     EXT LIRAN ZELDES                                       
 -16.18  -21.88  -25.46  -30.79  -33.14  -36.68  -38.47  -41.53  -42.47  -45.21         
 -45.79  -48.39  -48.77  -51.16  -51.34  -53.40  -53.32  -55.00  -54.530 -56.12         
 -55.30  -56.33  -55.27  -55.830 -54.548 -54.567 -52.879 -52.434 -50.462 -49.779        
 -47.403 -45.990 -43.269 -41.480 -38.636 -36.896 -33.236 -31.223 -27.281 -25.072        
  73 151 190   0   0 174 186     EXT LIRAN ZELDES                                       
   0.0    -6.75  -12.66  -16.66  -22.13  -24.92  -28.60  -30.88  -34.06  -35.47         
 -38.31  -39.30  -41.97  -42.74  -45.19  -45.74  -47.89  -48.19  -49.99  -50.06         
 -51.49  -51.31  -52.37  -51.980 -52.35  -51.470 -51.721 -50.520 -50.347 -48.914        
 -48.425 -46.417 -45.279 -42.821 -41.360 -38.600 -37.197 -33.983 -32.159 -28.662        
  74 151 190   0   0 178 189    EXT LIRAN ZELDES                                        
   0.0     0.0     1.33   -4.99   -9.18  -15.05  -18.09  -22.32  -24.80  -28.49         
 -30.04  -33.31  -34.36  -37.41  -38.18  -40.99  -41.53  -44.03  -44.35  -46.52         
 -46.62  -48.45  -48.32  -49.81  -49.41  -50.51  -49.78  -50.430 -49.283 -49.624        
 -48.237 -48.228 -46.347 -45.687 -43.370 -42.498 -39.893 -38.657 -35.470 -34.220        
  75 161 191 167 191 178 191                                                            
     0.       0.      0.      0.      0.      0. -34.65  -35.70  -38.13  -38.92         
 -41.10  -41.51  -43.37  -43.58  -45.15  -44.97  -46.12  -45.770 -46.590 -45.829        
 -46.44  -45.43  -45.791 -44.191 -43.802 -41.910 -41.205 -39.006 -37.970 -35.520        
 -34.343                                                                                
  76 161 200 169 195 184 195                                                            
     0.      0.      0.       0.      0.      0.      0.      0. -30.55  -33.53         
 -34.16  -36.84  -37.41  -39.62  -39.71  -41.81  -41.62  -43.35  -42.89  -44.22         
 -43.41  -44.58  -43.49  -44.233 -42.787 -42.987 -41.208 -41.125 -38.978 -38.699        
 -36.388 -35.875 -33.387 -32.417 -29.690 -28.199 -25.172 -23.640 -20.404 -18.325        
  77 171 200 171 198 184 198                                                            
 -26.18  -27.32  -29.91  -30.89  -33.16  -33.84  -35.82  -36.27  -37.89  -37.93         
 -39.185 -38.956 -40.045 -39.490 -40.187 -39.157 -39.650 -38.306 -38.517 -36.700        
 -36.702 -34.830 -34.491 -32.486 -31.675 -29.420 -28.430 -25.520 -25.836 -24.475        
  78 171 204 173 201 188 201                                                            
 -16.686 -20.087 -21.79  -24.93  -25.64  -28.540 -29.350 -31.630 -32.010 -34.120        
 -34.060 -35.980 -35.630 -37.210 -36.490 -37.830 -36.810 -37.788 -36.570 -37.318        
 -35.698 -36.283 -34.458 -34.765 -32.802 -32.652 -30.431 -29.921 -27.42  -26.60         
 -23.74  -22.319 -19.509 -17.692                                                        
  79 171 205 175 204 190 204                                                            
      0.      0.      0.      0. -17.160 -18.400 -21.190 -22.410 -24.750 -25.630        
 -27.296 -27.800 -29.848 -30.040 -31.754 -31.622 -33.023 -32.581 -33.705 -32.878        
 -33.795 -32.773 -33.278 -32.218 -32.555 -31.151 -31.150 -29.591 -29.104 -27.300        
 -26.40  -23.86  -22.98  -20.20  -18.915                                                
  80 171 206 177 206 190 206                                                            
      0.      0.      0.      0.      0.      0. -12.650 -15.930 -16.800 -19.860        
 -19.881 -22.658 -23.178 -25.643 -25.876 -28.030 -27.968 -29.829 -29.483 -30.960        
 -30.430 -31.924 -30.938 -32.168 -31.030 -31.836 -30.735 -30.964 -29.557 -29.514        
 -27.672 -27.356 -25.277 -24.702 -22.299 -20.956                                        
  81 181 210 183 210 190 210                                                            
 -11.349 -12.409 -15.289 -16.104 -18.701 -19.259 -21.579 -21.875 -23.931 -24.160        
 -25.620 -25.572 -27.137 -26.688 -27.830 -27.315 -28.352 -27.500 -28.151 -27.060        
 -27.184 -25.987 -25.768 -24.353 -23.838 -22.269 -21.042 -16.768 -13.650  -9.252        
  82 181 230 185 214 198 214                                                            
  -2.109  -5.654  -6.694  -9.954 -10.754 -13.748 -14.318 -17.060 -17.400 -19.898        
 -20.005 -22.258 -22.127 -24.126 -23.752 -25.478 -24.862 -26.290 -25.439 -26.535        
 -25.327 -25.942 -24.796 -25.116 -23.776 -23.796 -22.464 -21.760 -17.625 -14.739        
 -10.493  -7.563  -2.983  -0.186   4.944   8.281  13.264  16.799  21.965  25.695        
  31.039  34.958  40.474  44.578  50.263  54.546  60.394  64.852  70.860  75.489        
  83 181 230 189 216 194 215                                                            
      0.      0.      0.      0.      0.      0.      0.      0.  -9.870 -10.850        
 -12.673 -13.304 -15.519 -15.980 -17.630 -17.983 -19.658 -19.529 -20.898 -20.521        
 -21.551 -20.944 -21.610 -20.796 -21.069 -20.132 -20.059 -18.880 -18.269 -14.802        
 -11.866  -8.136  -5.244  -1.210   1.710   6.616   9.188  13.620  16.961  21.583        
  25.124  29.936  33.678  38.679  42.619  47.807  51.943  57.315  61.644  67.196        
  84 191 230 193 218 203 218                                                            
  -4.179  -7.144  -7.737 -10.443 -10.783 -13.219 -13.298 -15.445 -15.262 -17.091        
 -16.652 -18.129 -17.453 -18.540 -17.576 -18.190 -17.151 -17.475 -16.373 -15.963        
 -12.445 -10.381  -6.664  -4.480  -0.542   1.769   6.025   8.354  12.883  15.699        
  20.137  23.164  27.803  31.044  35.884  39.341  44.383  48.054  53.297  57.180        
  85 191 230 196 220 198 219                                                            
   5.151   3.797   0.874  -0.228  -2.889  -4.050  -6.030  -6.670  -8.470  -8.670        
 -10.520 -10.520 -11.970 -11.970 -12.960 -12.730 -13.310 -12.640 -12.888 -11.976        
 -11.653  -8.625  -6.589  -3.389  -1.262   2.237   4.382   8.099  10.530  14.200        
  16.713  20.628  23.482  27.619  30.690  35.034  38.343  42.907  46.446  51.229        
  86 191 230 200 222 207 222                                                            
  15.597  11.923  10.614   7.205   6.151   3.011   2.221  -0.638  -1.156  -3.740        
  -3.950  -5.880  -6.000  -7.770  -7.600  -8.970  -8.690  -9.560  -8.994  -9.608        
  -8.761  -8.666  -5.706  -4.328  -1.179   0.245   3.649   5.212   8.831  10.599        
  14.380  16.370  20.090  22.450  26.419  29.018  33.217  36.060  40.492  43.582        
  87 191 230 202 227 202 227                                                            
  26.851  24.785  21.182  19.350  15.992  14.442  11.354  10.075   7.270   6.271        
   3.771   3.160   1.230   0.870  -1.040  -1.180  -2.650  -2.770  -3.760  -3.640        
  -4.220  -3.690  -3.556  -0.965   0.309   2.975   4.307   7.050   8.617  11.470        
  13.265  16.338  18.382  21.710  23.790  27.460  29.580  33.345  36.055  40.023        
  88 201 230 204 230 211 228 MASS RA212 LOWERED BY KEV300                               
  12.615   9.659   8.999   6.280   5.980   3.960   3.700   1.930   1.970    .610        
   0.780  -0.410   0.290   0.090   2.531   3.285   5.881   6.644   9.377  10.263        
  12.957  14.312  17.235  18.813  21.987  23.666  27.185  28.941  32.720  34.560        
  89 201 240 209 232 215 231                                                            
  22.243  20.826  17.928  16.801  14.242  13.400  11.214  10.641   9.12    8.86         
   7.40    7.18    6.17    6.14    5.950   7.98    8.701  10.837  11.560  13.747        
  14.518  16.617  17.825  20.219  21.626  24.301  25.850  28.895  30.720  33.76         
  35.910  39.15   41.606  45.281  47.989  51.939  54.929  59.150  62.418  68.905        
  90 201 250 213 235 215 234 MASS TH216 LOWERED BY KEV300                               
  32.975  29.313  27.954  24.607  23.537  20.532  19.746  17.119  16.601  14.389        
  14.107  12.354  12.240  10.870  10.870  10.090  12.141  12.362  14.470  14.663        
  16.934  17.197  19.256  19.993  22.303  23.189  25.806  26.758  29.581  30.861        
  33.812  35.447  38.732  40.612  44.150  46.691  50.550  53.141  57.282  60.163        
  64.579  67.744  72.430  75.872  80.819  84.531  89.732  93.705  99.154 103.381        
  91 201 250 222 238 222 238                                                            
  44.459  42.346  38.714  36.920  33.631  32.100  29.153  27.908  25.336  24.362        
  22.203  21.468  19.763  19.213  18.006  17.563  16.894  18.375  18.621  20.040        
  20.294  21.959  22.330  23.798  24.320  26.029  26.832  28.870  29.887  32.166        
  33.423  35.934  37.487  40.349  42.320  45.540  47.640  51.270  53.578  57.316        
  60.120  64.145  67.243  71.548  74.931  79.509  83.169  88.013  91.943  97.044        
  92 201 250 226 240 226 240                                                            
  57.010  52.666  50.615  46.567  44.803  41.071  39.597  36.209  35.019  32.007        
  31.086  28.488  27.802  25.659  25.156  23.510  23.110  22.001  23.395  23.212        
  24.532  24.346  25.703  25.613  27.093  27.186  28.880  29.221  31.201  31.607        
  33.780  34.597  36.915  38.143  40.916  42.442  45.389  47.307  50.572  52.712        
  56.498  58.919  62.873  65.596  69.838  72.856  77.378  80.684  85.477  89.063        
  93 201 250 229 242 229 241                                                            
  70.293  67.497  63.217  60.704  56.719  54.496  50.824  48.893  45.561  43.917        
  40.958  39.583  37.033  35.895  33.795  32.839  31.232  30.380  29.303  30.278        
  30.010  30.889  30.606  31.516  31.322  32.353  32.327  33.547  33.758  35.232        
  35.626  37.290  38.010  39.951  41.040  43.426  44.869  47.453  49.306  52.210        
  54.310  57.520  59.906  63.471  66.125  69.986  72.941  77.091  80.340  84.771        
  94 201 250 232 246 232 246                                                            
  84.603  79.596  76.865  72.143  69.693  65.288  63.106  58.996  57.122  53.354        
  51.763  48.367  47.041  44.055  42.961  40.423  39.507  37.459  36.643  35.123        
  36.020  35.339  36.135  35.431  36.249  35.631  36.565  36.114  37.235  37.011        
  38.390  38.362  40.042  40.342  42.160  42.889  45.087  46.161  48.585  50.123        
  52.953  54.715  57.752  59.803  63.157  65.290  69.305  71.895  75.983  78.874        
  95 221 250 234 248 238 246                                                            
  43.121  43.604  42.849  43.223  42.437  42.829  42.123  42.629  42.088  42.781        
  42.466  43.400  43.354  44.460  44.650  46.020  46.640  48.417  49.389  51.443        
  52.932  55.463  57.170  59.879  61.897  64.920  67.130  70.490  72.984  76.700        
  96 221 260 236 251 238 250  EXTRAP MOELLER-NIX (88)                                   
  51.570  49.630  50.052  48.898  49.202  48.013  48.328  47.218  47.644  46.697        
  47.309  46.590  47.441  46.994  48.122  47.890  49.170  49.398  51.090  51.712        
  53.696  54.802  57.177  58.450  61.001  62.616  65.530  67.389  70.748  72.986        
  76.642  78.74   82.40   84.96   88.61   91.38   95.24   98.14  102.33  105.79         
  97 221 265 238 252 243 250  EXTRAP MOELLER-NIX (88)                                   
  61.906  60.215  58.295  58.319  57.102  56.998  55.741  55.648  54.465  54.483        
  53.462  53.666  52.871  53.316  52.792  53.516  53.295  54.280  54.280  55.710        
  56.100  57.800  58.685  60.646  61.811  64.020  65.484  67.990  69.848  72.950        
  75.250  78.530  80.59   83.90   86.40   89.71   92.43   95.97   98.86  102.71         
 106.11  110.29  113.90  118.23  121.74                                                 
  98 231 268 240 254 242 254  WAPSTRA   EXTRAP MOELLER-NIX (88)                         
  60.269  58.661  59.000  57.818  58.196  57.288  57.944  57.340  58.250  58.020        
  59.180  59.320  60.910  61.460  63.380  64.087  66.130  67.237  69.717  71.167        
  74.129  76.030  79.296  81.338  84.55   86.75   90.04   92.31   95.81   98.31         
 102.15  105.21  109.41  112.68  117.06  120.25  124.38  127.89                         
  99 231 270 243 256 247 254   EXTRAP MOELLER-NIX (88)                                  
  68.289  67.851  66.384  66.132  64.890  64.880  63.909  64.178  63.510  64.084        
  63.830  64.620  64.710  65.970  66.380  67.940  68.550  70.290  71.110  73.270        
  74.506  77.290  79.007  81.994  84.083  87.160  89.06   92.04   94.28   97.41         
  99.88  103.31  106.37  110.24  113.50  117.63  120.77  124.72  128.04  132.20         
 100 231 270 245 257 246 257 ADJUST TO TSF (258FM,244FM)                                
  76.865  74.865  74.376  72.539  72.236  70.626  70.562  69.224  69.439  68.404        
  68.921  68.211  69.360  69.040  70.040  70.120  71.530  71.888  73.510  74.060        
  75.978  76.814  79.339  80.900  83.788  85.482  88.585  90.79   93.684  95.917        
  99.584 102.114 106.063 108.881 113.103 116.196 120.677 124.031 128.765 132.353        
 101 231 270 248 258                                                                    
  86.560  85.580  83.533  82.669  80.786  80.110  78.454  78.019  76.633  76.477        
  75.392  75.540  74.776  75.242  74.810  75.602  76.060  77.100  77.270  78.580        
  79.050  80.620  81.240  83.490  84.835  87.550  89.010  91.840  93.413  96.424        
  98.586 101.889 104.347 107.934 110.680 114.541 117.563 121.686 124.970 129.339        
 102 231 270 252 259 FROM SYST (250NO) ALSO WAPSTRA                                     
  96.728  94.234  93.212  90.806  89.903  87.666  86.952  84.943  84.470  82.733        
  82.536  81.101  81.204  80.089  80.508  79.724  80.466  80.018  81.086  81.37         
  82.760  82.857  84.330  84.711  86.848  87.793  90.220  91.430  94.018  95.427        
  98.367 100.174 103.405 105.508 109.022 111.413 115.201 117.869 121.917 124.849        
 103 231 270 255 260 WAPSTRA                                                            
 107.942 106.514 103.977 102.586 100.144  98.879  96.608  95.537  93.495  92.667        
  90.896  90.345  88.873  88.622  87.467  87.531  86.704  87.089  86.593  87.302        
  87.138  88.170  88.630  89.757  90.080  91.930  92.670  94.750  95.840  98.130        
  99.465 102.039 103.774 106.639 108.667 111.815 114.128 117.550 120.138 123.822        
 104 231 270 257 261    FROM SYST (254) (256) (258) (260) WAPSTRA                       
 119.58  116.67  115.20  112.30  110.88  108.09  106.80  104.16  103.09  100.71         
  99.86   97.75   97.17   95.37   95.08   93.59   93.62   92.46   92.80   91.97         
  92.63   92.13   93.11   93.06   94.550  94.248  95.847  96.390  98.380  99.240        
 101.45  102.42  104.92  106.30  109.09  110.76  113.83  115.78  119.13  121.35         
 105 231 270 260 262 WAPSTRA                                                            
 132.24  130.42  127.46  125.61  122.68  120.89  118.07  116.43  113.80  112.36         
 109.96  108.77  106.64  105.73  103.90  103.28  101.76  101.45  100.25  100.25         
  99.38   99.70   99.15   99.78   99.56  100.50  100.360 101.620 102.110 103.620        
 104.17  105.97  107.37  109.51  110.82  113.24  114.83  117.53  119.41  122.38         
 106 241 270 263 263    FROM SYST (260) (262)  WAPSTRA                                  
 120.60  117.88  116.67  114.23  113.30  111.16  110.51  108.67  108.34  106.82         
 106.80  105.60  105.88  105.00  105.60  105.03  105.93  105.68  106.59  106.58         
 108.14  108.46  110.09  111.24  113.31  114.26  116.61  117.84  120.46  121.97         
 107 241 270 COMPL. WAPSTRA                                                             
     0.      0.  127.81  126.29  123.83  122.58  120.42  119.46  117.69  116.95         
 115.41  115.05  113.83  113.78  112.87  113.12  112.52  113.08  112.78  113.63         
 113.33  114.65  114.83  116.15  117.10  118.81  119.68  121.67  122.82  125.07         
 108 251 280           FROM SYST       AND WAPSTRA                                      
 124.63  122.78  122.41  120.67  120.80  119.57  119.79  118.86  119.38  118.75         
 119.56  119.22  120.31  119.71  121.08  121.88  123.51  124.03  125.94  126.73         
 128.89  129.95  132.37  133.68  136.34  137.91  140.80  142.59  145.70  147.72         
 109 251 280 ALSO WAPSTRA                                                               
 135.00  134.02  132.16  131.47  129.91  129.52  128.26  128.16  127.20  127.38         
 126.71  127.18  126.79  127.53  127.43  128.35  128.62  129.89  130.34  131.88         
 132.58  134.37  135.34  137.38  138.59  140.87  142.32  144.82  146.51  149.23         
 110 261 280 FROM OLD MASSESLZ ---------------------------------------                  
 134.55  133.56  133.97  133.26  133.94  133.50  134.45  134.28  135.48  135.57         
 137.03  137.37  139.07  139.67  141.61  142.45  144.61  145.67  148.08  149.38         
 111 251 280                   ---------------------------------------                  
 157.94  156.38  153.94  152.66  150.50  149.50  147.63  146.91  145.33  144.88         
 143.58  143.40  142.36  142.45  141.68  142.53  141.53  142.12  141.88  142.73         
 142.73  143.82  144.08  145.40  145.90  147.45  148.18  149.96  150.91  152.91         
 112 251 290                   --------------------------------------                   
 170.47  167.46  165.92  163.20  161.93  159.49  158.49  156.33  155.60  153.71         
 153.25  151.63  151.42  150.06  150.11  149.01  149.30  148.46  148.99  148.41         
 149.17  148.82  149.82  149.71  150.94  151.06  152.51  152.85  154.51  155.08         
 155.08  155.70  147.83  158.64  161.01  162.06  164.68  165.72  168.57  169.94
 113 261 290                   Moeller - Nix 1991
   0.0     0.0     0.0     0.0     0.0   158.38  156.94  156.88  155.72  155.85 
 154.83  155.04  154.20  154.67  154.15  155.01  155.03  156.66  157.29  158.66
 158.87  160.44  161.02  162.86  163.65  165.69  166.73  169.03  169.87  172.56
 114 271 300                   Moeller - Nix 1991 
 163.24  163.35  162.18  162.21  161.03  161.56  160.62  161.45  161.07  162.25
 162.12  163.46  163.42  164.95  165.21  166.65  167.24  169.33  170.18  172.04
 172.71  175.34  176.65  179.55  181.40  184.62  186.83  190.56  193.10  197.71 
 115 271 300                   Moeller - Nix 1991
   0.0   172.62  171.21  171.12  169.90  170.03  169.04  169.54  169.16  169.85
 169.55  170.52  170.46  171.64  171.88  173.33  173.50  175.23  176.17  177.94
 178.75  180.96  181.98  184.38  186.19  189.15  191.45  194.88  197.42  201.71
 116 271 300                   Moeller - Nix 1991
   0.0     0.0     0.0     0.0   179.15  177.60  177.71  176.38  176.88  175.89
 176.55  175.89  176.81  176.39  177.57  177.56  179.00  178.76  180.95  181.32
 183.32  183.43  185.64  186.34  188.79  190.34  193.34  195.28  198.70  200.93 
  0   0   0                                                                            
                                                                                        
