PPOPUL-ISO:            0            0     0.23E-04   1231542803   1056454288
PPOPUL-ISO:            0            0     0.18E-03    166820915   1059528079
PPOPUL-ISO:            0            0     0.47E-03  -1247402288   1061078815
PPOPUL-ISO:            0            0     0.97E-03    631588474   1062198660
PPOPUL-ISO:            0            0     0.16E-02   2008163942   1062824225
PPOPUL-ISO:            0            0     0.17E-02    997242962   1063001386
PPOPUL-ISO:            0            0     0.22E-02    -17985597   1063395900
PPOPUL-ISO:            0            0     0.23E-02   -127287764   1063431862
PPOPUL-ISO:            0            0     0.24E-02    807316103   1063482294
PPOPUL-ISO:            0            0     0.27E-02   -563349212   1063638532
PPOPUL-ISO:            0            0     0.27E-02   -809231712   1063650669
PPOPUL-ISO:            0            0     0.27E-02   1761704432   1063665211
PPOPUL-ISO:            0            0     0.27E-02    623398195   1063680274
PPOPUL-ISO:            0            0     0.28E-02    277391316   1063695906
PPOPUL-ISO:            0            0     0.28E-02  -1419926315   1063716886
PPOPUL-ISO:            0            0     0.29E-02    238635855   1063786053
PPOPUL-ISO:            0            0     0.29E-02   -516002211   1063786476
PPOPUL-ISO:            0            0     0.29E-02  -1302794506   1063787564
PPOPUL-ISO:            0            0     0.29E-02    546860044   1063790112
PPOPUL-ISO:            0            0     0.30E-02   1252427396   1063805860
PPOPUL-ISO:            0            0     0.30E-02   2134930132   1063819140
PPOPUL-ISO:            0            0     0.95E-02    299944032   1065577204
PPOPUL-ISO:            0            0     0.60E-01     22321424   1068419460
PPOPUL-ISO:            0            0     0.16E+00   1245935208   1069811802
PPOPUL-ISO:            0            0     0.32E+00  -1748817320   1070878083
PPOPUL-ISO:            0            0     0.41E+00   1016640797   1071247877
PPOPUL-ISO:            0            0     0.61E+00  -1188376862   1071876600
PPOPUL-ISO:            0            0     0.67E+00   -332370907   1072011085
PPOPUL-ISO:            0            0     0.75E+00   -511247612   1072178131
PPOPUL-ISO:            0            0     0.95E+00     48161756   1072595246
PPOPUL-ISO:            0            0     0.98E+00   -375700902   1072641727
PPOPUL-ISO:            0            0     0.10E+01    405221112   1072704146
PPOPUL-ISO:            0            0     0.11E+01  -1574153943   1072754988
PPOPUL-ISO:            0            0     0.11E+01   1737824868   1072814212
PPOPUL-ISO:            0            0     0.12E+01    -47006318   1072874543
PPOPUL-ISO:            0            0     0.12E+01   -364270649   1072940582
PPOPUL-ISO:            0            0     0.14E+01   -587257348   1073098260
PPOPUL-ISO:            0            0     0.14E+01   -587257348   1073098260
PPOPUL-ISO:            0            0     0.14E+01   -393224622   1073099338
PPOPUL-ISO:            0            0     0.14E+01   2113517191   1073102126
PPOPUL-ISO:            0            0     0.14E+01  -1315261466   1073108291
PPOPUL-ISO:            0            0     0.14E+01  -1538908530   1073138407
PPOPUL-ISO:            0            0     0.14E+01  -1004271734   1073139524
PPOPUL-ISO:            0            0     0.14E+01   -423133187   1073163373
PPOPUL-ISO:            0            0     0.15E+01   1499811157   1073262819
PPOPUL-ISO:            0            0     0.18E+01   -380910206   1073583528
PPOPUL-ISO:            0            0     0.26E+01   1474162616   1074031936
PPOPUL-ISO:            0            0     0.32E+01  -1105756606   1074361447
PPOPUL-ISO:            0            0     0.38E+01   -131506569   1074699260
PPOPUL-ISO:            0            0     0.51E+01    865369811   1075066553
PPOPUL-ISO:            0            0     0.59E+01  -1239597256   1075278023
PPOPUL-ISO:            0            0     0.66E+01  -1698595518   1075479632
PPOPUL-ISO:            0            0     0.75E+01    683212467   1075706002
PPOPUL-ISO:            0            0     0.94E+01   -871753270   1076018784
PPOPUL-ISO:            0            0     0.94E+01   -871753270   1076018784
PPOPUL-ISO:            0            0     0.94E+01    638679925   1076025247
PPOPUL-ISO:            0            0     0.95E+01   1896277725   1076039680
PPOPUL-ISO:            0            0     0.97E+01    216575430   1076062003
PPOPUL-ISO:            0            0     0.99E+01  -1811816671   1076091730
PPOPUL-ISO:            0            0     0.10E+02   1956837026   1076129097
PPOPUL-ISO:            0            0     0.11E+02    641574367   1076177339
PPOPUL-ISO:            0            0     0.11E+02   1837150982   1076248716
PPOPUL-ISO:            0            0     0.12E+02    581026917   1076366721
PPOPUL-ISO:            0            0     0.14E+02  -1600960374   1076568158
PPOPUL-ISO:            0            0     0.17E+02   -662414866   1076947338
PPOPUL-ISO:            0            0     0.17E+02  -1830838341   1076947339
PPOPUL-ISO:            0            0     0.17E+02  -1338855940   1076947355
PPOPUL-ISO:            0            0     0.17E+02   -977684553   1076948288
PPOPUL-ISO:            0            0     0.17E+02   -911805431   1076949188
PPOPUL-ISO:            0            0     0.17E+02     77833844   1076954799
PPOPUL-ISO:            0            0     0.17E+02  -1437408895   1076966841
PPOPUL-ISO:            0            0     0.17E+02    545411846   1076977978
PPOPUL-ISO:            0            0     0.18E+02    393975053   1076994367
PPOPUL-ISO:            0            0     0.18E+02    461541886   1077024052
PPOPUL-ISO:            0            0     0.18E+02   1104863409   1077048805
PPOPUL-ISO:            0            0     0.19E+02    857220940   1077074063
PPOPUL-ISO:            0            0     0.20E+02   1594416875   1077118987
PPOPUL-ISO:            0            0     0.20E+02   1594416875   1077118987
PPOPUL-ISO:            0            0     0.20E+02    -25617263   1077124058
PPOPUL-ISO:            0            0     0.20E+02   1499347371   1077133328
PPOPUL-ISO:            0            0     0.20E+02   -757747170   1077145986
PPOPUL-ISO:            0            0     0.20E+02   1128223524   1077161509
PPOPUL-ISO:            0            0     0.20E+02   1753311030   1077179519
PPOPUL-ISO:            0            0     0.21E+02   1699100210   1077199794
PPOPUL-ISO:            0            0     0.21E+02    289083865   1077223965
PPOPUL-ISO:            0            0     0.22E+02  -1194835297   1077271218
PPOPUL-ISO:            0            0     0.25E+02    388659026   1077458025
PPOPUL-ISO:            0            0     0.25E+02    390677430   1077458025
PPOPUL-ISO:            0            0     0.25E+02    392015943   1077458025
PPOPUL-ISO:            0            0     0.25E+02    527489307   1077458025
PPOPUL-ISO:            0            0     0.25E+02    633783499   1077458025
PPOPUL-ISO:            0            0     0.25E+02    715239103   1077458025
PPOPUL-ISO:            0            0     0.25E+02  -1140751268   1077458029
PPOPUL-ISO:            0            0     0.25E+02  -1518996323   1077458030
PPOPUL-ISO:            0            0     0.25E+02    909423009   1077458031
PPOPUL-ISO:            0            0     0.25E+02  -1255034577   1077458031
PPOPUL-ISO:            0            0     0.25E+02    736949287   1077458032
PPOPUL-ISO:            0            0     0.25E+02    736949287   1077458032
PPOPUL-ISO:            0            0     0.25E+02   1164558424   1077458034
PPOPUL-ISO:            0            0     0.25E+02    -98266905   1077458036
PPOPUL-ISO:            0            0     0.25E+02     85198978   1077458040
PPOPUL-ISO:            0            0     0.25E+02   1073270771   1077458043
PPOPUL-ISO:            0            0     0.25E+02  -1928656908   1077458046
PPOPUL-ISO:            0            0     0.25E+02    -76924553   1077458049
PPOPUL-ISO:            0            0     0.25E+02  -2016961671   1077458054
PPOPUL-ISO:            0            0     0.25E+02  -1966268080   1077458054
PPOPUL-ISO:            0            0     0.25E+02  -1869902434   1077458054
PPOPUL-ISO:            0            0     0.25E+02  -1633317684   1077458054
PPOPUL-ISO:            0            0     0.25E+02  -1595966150   1077458054
PPOPUL-ISO:            0            0     0.25E+02  -1474295838   1077458054
PPOPUL-ISO:            0            0     0.25E+02  -1457558328   1077458054
PPOPUL-ISO:            0            0     0.25E+02  -1399481499   1077458054
PPOPUL-ISO:            0            0     0.25E+02  -1397506612   1077458054
PPOPUL-ISO:            0            0     0.25E+02  -1392204013   1077458054
PPOPUL-ISO:            0            0     0.25E+02  -1368466791   1077458054
PPOPUL-ISO:            0            0     0.25E+02   1226852702   1077458057
PPOPUL-ISO:            0            0     0.25E+02   -338832782   1077458071
PPOPUL-ISO:            0            0     0.25E+02   1725233796   1077458091
PPOPUL-ISO:            0            0     0.25E+02   -798331486   1077458110
PPOPUL-ISO:            0            0     0.25E+02   -533837383   1077458116
PPOPUL-ISO:            0            0     0.25E+02  -1901159081   1077458131
PPOPUL-ISO:            0            0     0.25E+02  -1780973540   1077458134
PPOPUL-ISO:            0            0     0.25E+02   1166959449   1077458143
PPOPUL-ISO:            0            0     0.25E+02    115383112   1077458144
PPOPUL-ISO:            0            0     0.25E+02    236339328   1077458145
PPOPUL-ISO:            0            0     0.25E+02   -210227665   1077458146
PPOPUL-ISO:            0            0     0.25E+02    -39591195   1077458150
PPOPUL-ISO:            0            0     0.25E+02    -39591195   1077458150
PPOPUL-ISO:            0            0     0.25E+02    -17662182   1077458150
PPOPUL-ISO:            0            0     0.25E+02     48287878   1077458151
PPOPUL-ISO:            0            0     0.25E+02    172720225   1077458151
PPOPUL-ISO:            0            0     0.25E+02    370413655   1077458151
PPOPUL-ISO:            0            0     0.25E+02    674586398   1077458151
PPOPUL-ISO:            0            0     0.25E+02   1181739714   1077458151
PPOPUL-ISO:            0            0     0.25E+02   2099366437   1077458151
PPOPUL-ISO:            0            0     0.25E+02   -532973328   1077458151
PPOPUL-ISO:            0            0     0.25E+02  -1879419446   1077458152
PPOPUL-ISO:            0            0     0.25E+02   1842707806   1077458153
PPOPUL-ISO:            0            0     0.25E+02   -290394517   1077458154
PPOPUL-ISO:            0            0     0.25E+02    510297012   1077458312
PPOPUL-ISO:            0            0     0.25E+02   -639192383   1077459027
PPOPUL-ISO:            0            0     0.25E+02   1788805565   1077459877
PPOPUL-ISO:            0            0     0.25E+02   1142999510   1077460877
PPOPUL-ISO:            0            0     0.25E+02  -1313306217   1077461234
PPOPUL-ISO:            0            0     0.25E+02   1626585679   1077462199
PPOPUL-ISO:            0            0     0.25E+02   2085857646   1077462454
PPOPUL-ISO:            0            0     0.25E+02    142474127   1077463158
PPOPUL-ISO:            0            0     0.25E+02    527985729   1077463314
PPOPUL-ISO:            0            0     0.25E+02    -15836597   1077463449
PPOPUL-ISO:            0            0     0.25E+02   1920801089   1077463580
PPOPUL-ISO:            0            0     0.25E+02  -1106981319   1077463743
PPOPUL-ISO:            0            0     0.25E+02    933256843   1077464222
PPOPUL-ISO:            0            0     0.25E+02    933256843   1077464222
PPOPUL-ISO:            0            0     0.25E+02    524037937   1077464225
PPOPUL-ISO:            0            0     0.25E+02   -427431107   1077464231
PPOPUL-ISO:            0            0     0.25E+02     97761286   1077464243
PPOPUL-ISO:            0            0     0.25E+02   -494247413   1077464258
PPOPUL-ISO:            0            0     0.25E+02   1591849839   1077464280
PPOPUL-ISO:            0            0     0.25E+02  -1145501952   1077464311
PPOPUL-ISO:            0            0     0.25E+02   -276301059   1077464379
PPOPUL-ISO:            0            0     0.25E+02   -609919167   1077464741
PPOPUL-ISO:            0            0     0.25E+02  -1696223398   1077464750
PPOPUL-ISO:            0            0     0.25E+02    559165087   1077465564
PPOPUL-ISO:            0            0     0.25E+02   1457148235   1077468130
PPOPUL-ISO:            0            0     0.25E+02    973391778   1077473202
PPOPUL-ISO:            0            0     0.25E+02  -2118881748   1077480703
PPOPUL-ISO:            0            0     0.25E+02  -1877094150   1077487399
PPOPUL-ISO:            0            0     0.25E+02  -1451611786   1077495810
PPOPUL-ISO:            0            0     0.25E+02    926627596   1077500472
PPOPUL-ISO:            0            0     0.25E+02   -169109269   1077506346
PPOPUL-ISO:            0            0     0.26E+02    681821060   1077512920
PPOPUL-ISO:            0            0     0.26E+02   -429180417   1077521774
PPOPUL-ISO:            0            0     0.26E+02   -429180417   1077521774
PPOPUL-ISO:            0            0     0.26E+02   1851825370   1077522030
PPOPUL-ISO:            0            0     0.26E+02   1091527716   1077522598
PPOPUL-ISO:            0            0     0.26E+02  -1579955288   1077523473
PPOPUL-ISO:            0            0     0.26E+02   1886534672   1077524642
PPOPUL-ISO:            0            0     0.26E+02    -97824842   1077526131
PPOPUL-ISO:            0            0     0.26E+02  -1597160046   1077528183
PPOPUL-ISO:            0            0     0.26E+02   1346293181   1077531985
PPOPUL-ISO:            0            0     0.26E+02    189621468   1077539382
PPOPUL-ISO:            0            0     0.26E+02   1737094968   1077549282
PPOPUL-ISO:            0            0     0.26E+02   1927993171   1077562359
PPOPUL-ISO:            0            0     0.26E+02  -1821496013   1077562359
PPOPUL-ISO:            0            0     0.26E+02    843355872   1077562371
PPOPUL-ISO:            0            0     0.26E+02   1826999838   1077562441
PPOPUL-ISO:            0            0     0.26E+02   1298127432   1077562726
PPOPUL-ISO:            0            0     0.26E+02  -1298046512   1077563290
PPOPUL-ISO:            0            0     0.26E+02    927789471   1077564119
PPOPUL-ISO:            0            0     0.26E+02    221363379   1077565350
PPOPUL-ISO:            0            0     0.26E+02   1102878139   1077567420
PPOPUL-ISO:            0            0     0.26E+02   -900897071   1077571449
PPOPUL-ISO:            0            0     0.27E+02   -994992917   1077578069
PPOPUL-ISO:            0            0     0.27E+02   -927091720   1077581791
PPOPUL-ISO:            0            0     0.27E+02   1816816070   1077583962
PPOPUL-ISO:            0            0     0.27E+02    554532454   1077586021
PPOPUL-ISO:            0            0     0.27E+02  -1385838353   1077589925
PPOPUL-ISO:            0            0     0.27E+02  -1385838353   1077589925
PPOPUL-ISO:            0            0     0.27E+02    384361742   1077590288
PPOPUL-ISO:            0            0     0.27E+02   1018125121   1077590934
PPOPUL-ISO:            0            0     0.27E+02   1605777829   1077591809
PPOPUL-ISO:            0            0     0.27E+02  -1741532298   1077592889
PPOPUL-ISO:            0            0     0.27E+02  -1264177962   1077594340
PPOPUL-ISO:            0            0     0.27E+02    760457581   1077598660
PPOPUL-ISO:            0            0     0.27E+02    761007256   1077598660
PPOPUL-ISO:            0            0     0.27E+02    799302218   1077598660
PPOPUL-ISO:            0            0     0.27E+02    810994647   1077598660
PPOPUL-ISO:            0            0     0.27E+02   1291434400   1077598660
PPOPUL-ISO:            0            0     0.27E+02   1665733088   1077598660
PPOPUL-ISO:            0            0     0.27E+02   1293112600   1077598661
PPOPUL-ISO:            0            0     0.27E+02    967383505   1077598662
PPOPUL-ISO:            0            0     0.27E+02   -830805431   1077598662
PPOPUL-ISO:            0            0     0.27E+02   -830805431   1077598662
PPOPUL-ISO:            0            0     0.27E+02    773435627   1077598665
PPOPUL-ISO:            0            0     0.27E+02    505262433   1077598668
PPOPUL-ISO:            0            0     0.27E+02   1279980260   1077598671
PPOPUL-ISO:            0            0     0.27E+02  -1605083826   1077598674
PPOPUL-ISO:            0            0     0.27E+02    134519001   1077598678
PPOPUL-ISO:            0            0     0.27E+02   1962430151   1077598681
PPOPUL-ISO:            0            0     0.27E+02   -565720638   1077598684
PPOPUL-ISO:            0            0     0.27E+02  -1476919641   1077598688
PPOPUL-ISO:            0            0     0.27E+02   1432563040   1077598699
PPOPUL-ISO:            0            0     0.27E+02   1288623961   1077598713
PPOPUL-ISO:            0            0     0.27E+02   2077723465   1077598716
PPOPUL-ISO:            0            0     0.27E+02   -606773313   1077598716
PPOPUL-ISO:            0            0     0.27E+02    211704320   1077598719
PPOPUL-ISO:            0            0     0.27E+02  -1109094760   1077598722
PPOPUL-ISO:            0            0     0.27E+02    -15419983   1077598727
PPOPUL-ISO:            0            0     0.27E+02   -369152502   1077598729
PPOPUL-ISO:            0            0     0.27E+02   1154801391   1077598735
PPOPUL-ISO:            0            0     0.27E+02   1978001411   1077598736
PPOPUL-ISO:            0            0     0.27E+02    119572589   1077598740
PPOPUL-ISO:            0            0     0.27E+02   1518154471   1077598740
PPOPUL-ISO:            0            0     0.27E+02  -1065324154   1077598740
PPOPUL-ISO:            0            0     0.27E+02   1440078119   1077598741
PPOPUL-ISO:            0            0     0.27E+02   1222566860   1077598743
PPOPUL-ISO:            0            0     0.27E+02   1284727530   1077598743
PPOPUL-ISO:            0            0     0.27E+02   1486455056   1077598743
PPOPUL-ISO:            0            0     0.27E+02   1915620870   1077598743
PPOPUL-ISO:            0            0     0.27E+02  -1707780694   1077598743
PPOPUL-ISO:            0            0     0.27E+02   -687561672   1077598743
PPOPUL-ISO:            0            0     0.27E+02  -2004744127   1077598744
PPOPUL-ISO:            0            0     0.27E+02   -190031751   1077598750
PPOPUL-ISO:            0            0     0.27E+02    615984134   1077598956
PPOPUL-ISO:            0            0     0.27E+02    814881522   1077600228
PPOPUL-ISO:            0            0     0.27E+02  -1013445254   1077602260
PPOPUL-ISO:            0            0     0.27E+02   1913817948   1077603647
PPOPUL-ISO:            0            0     0.27E+02  -1384970563   1077606641
PPOPUL-ISO:            0            0     0.27E+02   1587961224   1077607997
PPOPUL-ISO:            0            0     0.27E+02  -1918581803   1077611282
PPOPUL-ISO:            0            0     0.27E+02    696066454   1077612038
PPOPUL-ISO:            0            0     0.27E+02  -1084559120   1077612854
PPOPUL-ISO:            0            0     0.27E+02    379092199   1077613900
PPOPUL-ISO:            0            0     0.27E+02  -2018403982   1077616707
PPOPUL-ISO:            0            0     0.27E+02  -2018403982   1077616707
PPOPUL-ISO:            0            0     0.27E+02  -2051425015   1077616718
PPOPUL-ISO:            0            0     0.27E+02   -717909226   1077616746
PPOPUL-ISO:            0            0     0.27E+02    -39939873   1077616797
PPOPUL-ISO:            0            0     0.27E+02   1022187272   1077616878
PPOPUL-ISO:            0            0     0.27E+02   1866032727   1077617000
PPOPUL-ISO:            0            0     0.27E+02  -1286923312   1077617196
PPOPUL-ISO:            0            0     0.27E+02   1991009198   1077617528
PPOPUL-ISO:            0            0     0.27E+02   -811032129   1077618067
PPOPUL-ISO:            0            0     0.27E+02   1550255238   1077618943
PPOPUL-ISO:            0            0     0.27E+02    416082842   1077621166
PPOPUL-ISO:            0            0     0.27E+02   1214234142   1077621166
PPOPUL-ISO:            0            0     0.27E+02  -1269267769   1077621322
PPOPUL-ISO:            0            0     0.27E+02   1601239617   1077623378
PPOPUL-ISO:            0            0     0.27E+02    398213617   1077629909
PPOPUL-ISO:            0            0     0.28E+02   2035962190   1077646927
PPOPUL-ISO:            0            0     0.28E+02    478928164   1077664898
PPOPUL-ISO:            0            0     0.28E+02   -393588699   1077697534
PPOPUL-ISO:            0            0     0.29E+02    854140133   1077720074
PPOPUL-ISO:            0            0     0.29E+02   1440186176   1077744886
PPOPUL-ISO:            0            0     0.30E+02  -1700128382   1077796197
PPOPUL-ISO:            0            0     0.30E+02  -1999937705   1077834578
PPOPUL-ISO:            0            0     0.31E+02   1220328580   1077868782
PPOPUL-ISO:            0            0     0.31E+02   -384701319   1077896574
PPOPUL-ISO:            0            0     0.32E+02   1353764653   1077924033
PPOPUL-ISO:            0            0     0.33E+02    757459829   1077960780
PPOPUL-ISO:            0            0     0.33E+02    757459829   1077960780
PPOPUL-ISO:            0            0     0.33E+02   1422656657   1077961290
PPOPUL-ISO:            0            0     0.33E+02   2041860351   1077962490
PPOPUL-ISO:            0            0     0.33E+02  -2115071124   1077964469
PPOPUL-ISO:            0            0     0.33E+02   -319519664   1077967303
PPOPUL-ISO:            0            0     0.33E+02  -1994991875   1077971210
PPOPUL-ISO:            0            0     0.33E+02   2014689641   1077977936
PPOPUL-ISO:            0            0     0.34E+02  -1537764146   1078012195
PPOPUL-ISO:            0            0     0.34E+02   1267078605   1078012207
PPOPUL-ISO:            0            0     0.34E+02    549858359   1078012320
PPOPUL-ISO:            0            0     0.34E+02    -93445554   1078013063
PPOPUL-ISO:            0            0     0.34E+02   2142998172   1078016188
PPOPUL-ISO:            0            0     0.35E+02  -1927950284   1078022388
PPOPUL-ISO:            0            0     0.35E+02   1123833681   1078031437
PPOPUL-ISO:            0            0     0.35E+02  -1190037754   1078044528
PPOPUL-ISO:            0            0     0.36E+02   1419105924   1078057622
PPOPUL-ISO:            0            0     0.36E+02   -836468147   1078080077
PPOPUL-ISO:            0            0     0.37E+02   -534585155   1078094558
PPOPUL-ISO:            0            0     0.38E+02   -265145503   1078117607
PPOPUL-ISO:            0            0     0.39E+02   2023401725   1078159169
PPOPUL-ISO:            0            0     0.40E+02  -1223081574   1078212262
PPOPUL-ISO:            0            0     0.42E+02    252709895   1078250217
PPOPUL-ISO:            0            0     0.42E+02   -708398130   1078276578
PPOPUL-ISO:            0            0     0.44E+02   1731941342   1078320100
PPOPUL-ISO:            0            0     0.44E+02   1731941342   1078320100
PPOPUL-ISO:            0            0     0.44E+02    668742398   1078322681
PPOPUL-ISO:            0            0     0.44E+02  -1943394979   1078327936
PPOPUL-ISO:            0            0     0.44E+02   -724414818   1078336967
PPOPUL-ISO:            0            0     0.45E+02   2090790480   1078366416
PPOPUL-ISO:            0            0     0.45E+02   2102707915   1078366416
PPOPUL-ISO:            0            0     0.45E+02  -1834603682   1078366416
PPOPUL-ISO:            0            0     0.45E+02    210952924   1078366418
PPOPUL-ISO:            0            0     0.45E+02    980436976   1078366419
PPOPUL-ISO:            0            0     0.45E+02  -1464545363   1078366437
PPOPUL-ISO:            0            0     0.45E+02   -704369277   1078366452
PPOPUL-ISO:            0            0     0.45E+02  -1982487624   1078366465
PPOPUL-ISO:            0            0     0.45E+02    835106562   1078366478
PPOPUL-ISO:            0            0     0.45E+02    835106562   1078366478
PPOPUL-ISO:            0            0     0.45E+02  -1776522299   1078366508
PPOPUL-ISO:            0            0     0.45E+02  -2030366689   1078366553
PPOPUL-ISO:            0            0     0.45E+02   1833136333   1078366608
PPOPUL-ISO:            0            0     0.45E+02  -1897932849   1078366670
PPOPUL-ISO:            0            0     0.45E+02  -1699346351   1078366737
PPOPUL-ISO:            0            0     0.45E+02   2102115558   1078366807
PPOPUL-ISO:            0            0     0.45E+02   1099332701   1078366878
PPOPUL-ISO:            0            0     0.45E+02   -571168388   1078366953
PPOPUL-ISO:            0            0     0.45E+02   1786258436   1078367119
PPOPUL-ISO:            0            0     0.45E+02  -1118987397   1078367541
PPOPUL-ISO:            0            0     0.45E+02    544484493   1078367691
PPOPUL-ISO:            0            0     0.45E+02   -780862486   1078367798
PPOPUL-ISO:            0            0     0.45E+02   -777192717   1078367798
PPOPUL-ISO:            0            0     0.45E+02   -767767396   1078367798
PPOPUL-ISO:            0            0     0.45E+02   -760835740   1078367798
PPOPUL-ISO:            0            0     0.45E+02   -728996497   1078367798
PPOPUL-ISO:            0            0     0.45E+02   1584695389   1078367799
PPOPUL-ISO:            0            0     0.45E+02   1465044353   1078367801
PPOPUL-ISO:            0            0     0.45E+02   1523604690   1078367803
PPOPUL-ISO:            0            0     0.45E+02    312417002   1078367805
PPOPUL-ISO:            0            0     0.45E+02  -1597602070   1078367805
PPOPUL-ISO:            0            0     0.45E+02   -750848671   1078367806
PPOPUL-ISO:            0            0     0.45E+02   -121074488   1078367806
PPOPUL-ISO:            0            0     0.45E+02   1071456386   1078367807
PPOPUL-ISO:            0            0     0.45E+02   -863114264   1078367807
PPOPUL-ISO:            0            0     0.45E+02   -678033866   1078367807
PPOPUL-ISO:            0            0     0.45E+02   -471307097   1078367807
PPOPUL-ISO:            0            0     0.45E+02   -186264759   1078367807
PPOPUL-ISO:            0            0     0.45E+02    272628990   1078367808
PPOPUL-ISO:            0            0     0.45E+02   1188691010   1078367808
PPOPUL-ISO:            0            0     0.45E+02   1192311851   1078367808
PPOPUL-ISO:            0            0     0.45E+02   1202068120   1078367808
PPOPUL-ISO:            0            0     0.45E+02   1221753465   1078367808
PPOPUL-ISO:            0            0     0.45E+02   1258742811   1078367808
PPOPUL-ISO:            0            0     0.45E+02   1319483485   1078367808
PPOPUL-ISO:            0            0     0.45E+02   1429291460   1078367808
PPOPUL-ISO:            0            0     0.45E+02   1777326477   1078367808
PPOPUL-ISO:            0            0     0.45E+02   1876474635   1078367810
PPOPUL-ISO:            0            0     0.45E+02  -1506991200   1078367873
PPOPUL-ISO:            0            0     0.45E+02   -423274900   1078368053
PPOPUL-ISO:            0            0     0.45E+02   -984379028   1078368214
PPOPUL-ISO:            0            0     0.45E+02   1163238895   1078368374
PPOPUL-ISO:            0            0     0.45E+02    971662606   1078368421
PPOPUL-ISO:            0            0     0.45E+02    425805642   1078368557
PPOPUL-ISO:            0            0     0.45E+02   -362084631   1078368576
PPOPUL-ISO:            0            0     0.45E+02  -1123366694   1078368599
PPOPUL-ISO:            0            0     0.45E+02  -1191724175   1078368629
PPOPUL-ISO:            0            0     0.45E+02   1144710606   1078368717
PPOPUL-ISO:            0            0     0.45E+02  -1212618493   1078368719
PPOPUL-ISO:            0            0     0.45E+02   1838931591   1078368723
PPOPUL-ISO:            0            0     0.45E+02  -2139413051   1078368729
PPOPUL-ISO:            0            0     0.45E+02   -684287533   1078368739
PPOPUL-ISO:            0            0     0.45E+02     88431150   1078368755
PPOPUL-ISO:            0            0     0.45E+02  -1182519933   1078368772
PPOPUL-ISO:            0            0     0.45E+02  -1406626280   1078368791
PPOPUL-ISO:            0            0     0.45E+02  -1751212119   1078368834
PPOPUL-ISO:            0            0     0.45E+02  -1751212119   1078368834
PPOPUL-ISO:            0            0     0.45E+02   -282587936   1078368834
PPOPUL-ISO:            0            0     0.45E+02     68055421   1078368838
PPOPUL-ISO:            0            0     0.45E+02   1622069838   1078368863
PPOPUL-ISO:            0            0     0.45E+02   -388391866   1078369647
PPOPUL-ISO:            0            0     0.45E+02    816957324   1078371277
PPOPUL-ISO:            0            0     0.45E+02  -1495815787   1078373893
PPOPUL-ISO:            0            0     0.45E+02   1444870960   1078375924
PPOPUL-ISO:            0            0     0.46E+02  -1380076339   1078379057
PPOPUL-ISO:            0            0     0.46E+02  -1661520983   1078380568
PPOPUL-ISO:            0            0     0.46E+02    546492414   1078382665
PPOPUL-ISO:            0            0     0.46E+02   1317471058   1078386217
PPOPUL-ISO:            0            0     0.46E+02   2025009523   1078388051
PPOPUL-ISO:            0            0     0.46E+02   1504298538   1078390131
PPOPUL-ISO:            0            0     0.46E+02   1785638206   1078392141
PPOPUL-ISO:            0            0     0.46E+02   1099092631   1078394436
PPOPUL-ISO:            0            0     0.46E+02    857706855   1078397745
PPOPUL-ISO:            0            0     0.46E+02    857706855   1078397745
PPOPUL-ISO:            0            0     0.46E+02  -1705641603   1078397821
PPOPUL-ISO:            0            0     0.46E+02   1461851772   1078397998
PPOPUL-ISO:            0            0     0.46E+02  -1595915928   1078398283
PPOPUL-ISO:            0            0     0.46E+02     38433492   1078398692
PPOPUL-ISO:            0            0     0.46E+02    774511850   1078399296
PPOPUL-ISO:            0            0     0.46E+02   1758963198   1078401568
PPOPUL-ISO:            0            0     0.46E+02    838277258   1078401572
PPOPUL-ISO:            0            0     0.46E+02    715349531   1078401675
PPOPUL-ISO:            0            0     0.46E+02  -1050869867   1078402020
PPOPUL-ISO:            0            0     0.46E+02    970544346   1078402931
PPOPUL-ISO:            0            0     0.46E+02   2141720686   1078403989
PPOPUL-ISO:            0            0     0.46E+02     -6601879   1078405851
PPOPUL-ISO:            0            0     0.46E+02    966710370   1078407529
PPOPUL-ISO:            0            0     0.46E+02  -1255914190   1078409145
PPOPUL-ISO:            0            0     0.46E+02   -741335762   1078410857
PPOPUL-ISO:            0            0     0.47E+02   -759139730   1078414179
PPOPUL-ISO:            0            0     0.47E+02   -759139730   1078414179
PPOPUL-ISO:            0            0     0.47E+02  -1030416213   1078414413
PPOPUL-ISO:            0            0     0.47E+02    -70126117   1078414861
PPOPUL-ISO:            0            0     0.47E+02   1340297089   1078415493
PPOPUL-ISO:            0            0     0.47E+02   1957739939   1078416287
PPOPUL-ISO:            0            0     0.47E+02  -1282355322   1078417235
PPOPUL-ISO:            0            0     0.47E+02   1168268772   1078418341
PPOPUL-ISO:            0            0     0.47E+02   1996115236   1078419726
PPOPUL-ISO:            0            0     0.47E+02  -1085487357   1078421969
PPOPUL-ISO:            0            0     0.47E+02   2045854386   1078426180
PPOPUL-ISO:            0            0     0.47E+02  -1007797607   1078432186
PPOPUL-ISO:            0            0     0.47E+02   1243964005   1078439465
PPOPUL-ISO:            0            0     0.47E+02   1264665106   1078439465
PPOPUL-ISO:            0            0     0.47E+02   1643679614   1078439465
PPOPUL-ISO:            0            0     0.47E+02    752215105   1078439467
PPOPUL-ISO:            0            0     0.47E+02   -885819939   1078439467
PPOPUL-ISO:            0            0     0.47E+02   -950433458   1078439476
PPOPUL-ISO:            0            0     0.47E+02   1404750948   1078439486
PPOPUL-ISO:            0            0     0.47E+02  -1764056763   1078439491
PPOPUL-ISO:            0            0     0.47E+02   -168051606   1078439555
PPOPUL-ISO:            0            0     0.47E+02  -1318115696   1078439590
PPOPUL-ISO:            0            0     0.47E+02   1541127167   1078439628
PPOPUL-ISO:            0            0     0.47E+02   -379722246   1078439659
PPOPUL-ISO:            0            0     0.47E+02   -379722246   1078439659
PPOPUL-ISO:            0            0     0.47E+02   -208166965   1078439684
PPOPUL-ISO:            0            0     0.47E+02   1027103149   1078439720
PPOPUL-ISO:            0            0     0.47E+02   -474838616   1078439761
PPOPUL-ISO:            0            0     0.47E+02    567432677   1078439811
PPOPUL-ISO:            0            0     0.47E+02   -291349330   1078439864
PPOPUL-ISO:            0            0     0.47E+02   -368420163   1078439913
PPOPUL-ISO:            0            0     0.47E+02    256029020   1078439962
PPOPUL-ISO:            0            0     0.47E+02    595347262   1078440215
PPOPUL-ISO:            0            0     0.47E+02   1457086584   1078440215
PPOPUL-ISO:            0            0     0.47E+02  -1501634811   1078440215
PPOPUL-ISO:            0            0     0.47E+02    129673718   1078440216
PPOPUL-ISO:            0            0     0.47E+02    655898313   1078440216
PPOPUL-ISO:            0            0     0.47E+02  -2136221491   1078440216
PPOPUL-ISO:            0            0     0.47E+02  -1944164663   1078440216
PPOPUL-ISO:            0            0     0.47E+02  -1669528786   1078440216
PPOPUL-ISO:            0            0     0.47E+02   -769096735   1078440216
PPOPUL-ISO:            0            0     0.47E+02   -718913669   1078440216
PPOPUL-ISO:            0            0     0.47E+02   -391743805   1078440216
PPOPUL-ISO:            0            0     0.47E+02  -1979787335   1078440218
PPOPUL-ISO:            0            0     0.47E+02    904256152   1078440256
PPOPUL-ISO:            0            0     0.47E+02  -1402207115   1078440455
PPOPUL-ISO:            0            0     0.47E+02  -1674198630   1078440597
PPOPUL-ISO:            0            0     0.47E+02   1489121319   1078440872
PPOPUL-ISO:            0            0     0.47E+02    -93263883   1078441237
PPOPUL-ISO:            0            0     0.47E+02   -832892057   1078441351
PPOPUL-ISO:            0            0     0.47E+02   1007845604   1078441494
PPOPUL-ISO:            0            0     0.47E+02    537868378   1078441876
PPOPUL-ISO:            0            0     0.47E+02   1977372677   1078441944
PPOPUL-ISO:            0            0     0.47E+02    324344030   1078442024
PPOPUL-ISO:            0            0     0.47E+02   -469213118   1078442104
PPOPUL-ISO:            0            0     0.47E+02   1547138936   1078442184
PPOPUL-ISO:            0            0     0.47E+02   1042730130   1078442278
PPOPUL-ISO:            0            0     0.47E+02  -1555242478   1078442531
PPOPUL-ISO:            0            0     0.47E+02  -1555242478   1078442531
PPOPUL-ISO:            0            0     0.47E+02   -822208799   1078442532
PPOPUL-ISO:            0            0     0.47E+02   -624883502   1078442535
PPOPUL-ISO:            0            0     0.47E+02   1722350824   1078442541
PPOPUL-ISO:            0            0     0.47E+02   1231151070   1078442550
PPOPUL-ISO:            0            0     0.47E+02    685597672   1078442567
PPOPUL-ISO:            0            0     0.47E+02   -505566625   1078442661
PPOPUL-ISO:            0            0     0.47E+02    279210428   1078442663
PPOPUL-ISO:            0            0     0.47E+02  -1817416631   1078442739
PPOPUL-ISO:            0            0     0.47E+02   -441182844   1078443573
PPOPUL-ISO:            0            0     0.48E+02   2006469913   1078445761
PPOPUL-ISO:            0            0     0.48E+02   1847185701   1078448663
PPOPUL-ISO:            0            0     0.48E+02   1815336093   1078453543
PPOPUL-ISO:            0            0     0.48E+02  -1222145451   1078458031
PPOPUL-ISO:            0            0     0.48E+02   -701560815   1078466901
PPOPUL-ISO:            0            0     0.48E+02    845390155   1078471143
PPOPUL-ISO:            0            0     0.48E+02  -1831638111   1078476090
PPOPUL-ISO:            0            0     0.49E+02   2069607390   1078487418
PPOPUL-ISO:            0            0     0.49E+02   2069607390   1078487418
PPOPUL-ISO:            0            0     0.49E+02    716635848   1078487587
PPOPUL-ISO:            0            0     0.49E+02   1138763343   1078487981
PPOPUL-ISO:            0            0     0.49E+02   -671902753   1078488618
PPOPUL-ISO:            0            0     0.49E+02   1010079755   1078489505
PPOPUL-ISO:            0            0     0.49E+02   1643767990   1078490671
PPOPUL-ISO:            0            0     0.49E+02  -2147466615   1078492259
PPOPUL-ISO:            0            0     0.49E+02   1719717300   1078494689
PPOPUL-ISO:            0            0     0.49E+02  -1040801809   1078498571
PPOPUL-ISO:            0            0     0.49E+02   -906244307   1078504041
PPOPUL-ISO:            0            0     0.50E+02   -105526810   1078510289
PPOPUL-ISO:            0            0     0.50E+02   -998200217   1078516826
PPOPUL-ISO:            0            0     0.50E+02    113738118   1078528974
PPOPUL-ISO:            0            0     0.50E+02   1836755925   1078528974
PPOPUL-ISO:            0            0     0.50E+02    997108911   1078529046
PPOPUL-ISO:            0            0     0.50E+02   -358036357   1078529472
PPOPUL-ISO:            0            0     0.50E+02   1325467120   1078531415
PPOPUL-ISO:            0            0     0.50E+02      -746097   1078535832
PPOPUL-ISO:            0            0     0.50E+02   -334788094   1078541944
PPOPUL-ISO:            0            0     0.51E+02     41741732   1078552170
PPOPUL-ISO:            0            0     0.51E+02   2029320629   1078569104
PPOPUL-ISO:            0            0     0.52E+02   1427808823   1078586527
PPOPUL-ISO:            0            0     0.52E+02  -1876145482   1078602332
PPOPUL-ISO:            0            0     0.53E+02    471224188   1078618901
PPOPUL-ISO:            0            0     0.54E+02    328017802   1078650782
PPOPUL-ISO:            0            0     0.54E+02    328017802   1078650782
PPOPUL-ISO:            0            0     0.54E+02    414583291   1078652685
PPOPUL-ISO:            0            0     0.54E+02  -2099214730   1078656679
PPOPUL-ISO:            0            0     0.54E+02  -1693425416   1078662563
PPOPUL-ISO:            0            0     0.54E+02    684571171   1078670084
PPOPUL-ISO:            0            0     0.55E+02  -1636524570   1078679133
PPOPUL-ISO:            0            0     0.55E+02  -2060910857   1078690059
PPOPUL-ISO:            0            0     0.55E+02   -506720272   1078704974
PPOPUL-ISO:            0            0     0.56E+02   1149755649   1078729720
PPOPUL-ISO:            0            0     0.58E+02    837496502   1078775535
PPOPUL-ISO:            0            0     0.60E+02   -766564944   1078867258
PPOPUL-ISO:            0            0     0.60E+02   -755406393   1078867258
PPOPUL-ISO:            0            0     0.60E+02   -344360631   1078867258
PPOPUL-ISO:            0            0     0.60E+02  -2048676674   1078867260
PPOPUL-ISO:            0            0     0.60E+02   1005299510   1078867278
PPOPUL-ISO:            0            0     0.60E+02   1791803157   1078867293
PPOPUL-ISO:            0            0     0.60E+02    -86079387   1078867405
PPOPUL-ISO:            0            0     0.60E+02   2091737097   1078867529
PPOPUL-ISO:            0            0     0.60E+02   1576069619   1078868156
PPOPUL-ISO:            0            0     0.60E+02  -1584754744   1078868668
PPOPUL-ISO:            0            0     0.60E+02    -58824825   1078869113
PPOPUL-ISO:            0            0     0.60E+02   -796390923   1078869523
PPOPUL-ISO:            0            0     0.61E+02  -1344797070   1078870080
PPOPUL-ISO:            0            0     0.61E+02  -1344797070   1078870080
PPOPUL-ISO:            0            0     0.61E+02    400973626   1078870360
PPOPUL-ISO:            0            0     0.61E+02   -779816298   1078870811
PPOPUL-ISO:            0            0     0.61E+02  -1391263578   1078871385
PPOPUL-ISO:            0            0     0.61E+02    376592874   1078872052
PPOPUL-ISO:            0            0     0.61E+02   2086011886   1078872786
PPOPUL-ISO:            0            0     0.61E+02  -1772039198   1078873566
PPOPUL-ISO:            0            0     0.61E+02   -371752322   1078874395
PPOPUL-ISO:            0            0     0.61E+02  -1957508991   1078875752
PPOPUL-ISO:            0            0     0.61E+02  -2091594369   1078881454
PPOPUL-ISO:            0            0     0.61E+02  -2038244226   1078881454
PPOPUL-ISO:            0            0     0.61E+02  -1413827363   1078881454
PPOPUL-ISO:            0            0     0.61E+02    411646326   1078881455
PPOPUL-ISO:            0            0     0.61E+02   1934141598   1078881455
PPOPUL-ISO:            0            0     0.61E+02  -1844289372   1078881455
PPOPUL-ISO:            0            0     0.61E+02   -677956140   1078881455
PPOPUL-ISO:            0            0     0.61E+02   -447424466   1078881455
PPOPUL-ISO:            0            0     0.61E+02    151936907   1078881456
PPOPUL-ISO:            0            0     0.61E+02    217239075   1078881456
PPOPUL-ISO:            0            0     0.61E+02    341001013   1078881456
PPOPUL-ISO:            0            0     0.61E+02    614600886   1078881456
PPOPUL-ISO:            0            0     0.61E+02    616616315   1078881456
PPOPUL-ISO:            0            0     0.61E+02    623353859   1078881456
PPOPUL-ISO:            0            0     0.61E+02    637837585   1078881456
PPOPUL-ISO:            0            0     0.61E+02    660278541   1078881456
PPOPUL-ISO:            0            0     0.61E+02    691257026   1078881456
PPOPUL-ISO:            0            0     0.61E+02    737914233   1078881456
PPOPUL-ISO:            0            0     0.61E+02    781696001   1078881456
PPOPUL-ISO:            0            0     0.61E+02    870339509   1078881456
PPOPUL-ISO:            0            0     0.61E+02   1389435362   1078881461
PPOPUL-ISO:            0            0     0.61E+02    908178995   1078881489
PPOPUL-ISO:            0            0     0.61E+02    617111526   1078881553
PPOPUL-ISO:            0            0     0.61E+02  -1300601493   1078881599
PPOPUL-ISO:            0            0     0.61E+02     99645701   1078881614
PPOPUL-ISO:            0            0     0.61E+02    126560594   1078881655
PPOPUL-ISO:            0            0     0.61E+02    448313422   1078881664
PPOPUL-ISO:            0            0     0.61E+02  -1710284150   1078881690
PPOPUL-ISO:            0            0     0.61E+02   -307179851   1078881693
PPOPUL-ISO:            0            0     0.61E+02   1655607192   1078881697
PPOPUL-ISO:            0            0     0.61E+02   1183208939   1078881701
PPOPUL-ISO:            0            0     0.61E+02  -2113907542   1078881706
PPOPUL-ISO:            0            0     0.61E+02  -1468992958   1078881722
PPOPUL-ISO:            0            0     0.61E+02  -1468992958   1078881722
PPOPUL-ISO:            0            0     0.61E+02  -1218287829   1078881722
PPOPUL-ISO:            0            0     0.61E+02   -611982549   1078881722
PPOPUL-ISO:            0            0     0.61E+02    420364305   1078881723
PPOPUL-ISO:            0            0     0.61E+02   1945372466   1078881723
PPOPUL-ISO:            0            0     0.61E+02   -224021483   1078881723
PPOPUL-ISO:            0            0     0.61E+02  -1479609360   1078881724
PPOPUL-ISO:            0            0     0.61E+02   -721949342   1078881725
PPOPUL-ISO:            0            0     0.61E+02   1341824703   1078881728
PPOPUL-ISO:            0            0     0.61E+02   1033569866   1078881737
PPOPUL-ISO:            0            0     0.61E+02     -1589761   1078881862
PPOPUL-ISO:            0            0     0.61E+02    196963164   1078882693
PPOPUL-ISO:            0            0     0.61E+02  -1562788445   1078884029
PPOPUL-ISO:            0            0     0.61E+02   2071861477   1078885803
PPOPUL-ISO:            0            0     0.61E+02    643104277   1078886707
PPOPUL-ISO:            0            0     0.61E+02  -1918547258   1078888062
PPOPUL-ISO:            0            0     0.61E+02  -1340350693   1078889958
PPOPUL-ISO:            0            0     0.61E+02  -2102542805   1078890628
PPOPUL-ISO:            0            0     0.61E+02   -873762244   1078891554
PPOPUL-ISO:            0            0     0.61E+02   1377054245   1078893407
PPOPUL-ISO:            0            0     0.61E+02   1377054245   1078893407
PPOPUL-ISO:            0            0     0.61E+02  -2142006359   1078893429
PPOPUL-ISO:            0            0     0.61E+02   1602657362   1078893481
PPOPUL-ISO:            0            0     0.61E+02   1244146284   1078893565
PPOPUL-ISO:            0            0     0.61E+02    444652626   1078893682
PPOPUL-ISO:            0            0     0.61E+02  -1428578125   1078893837
PPOPUL-ISO:            0            0     0.61E+02    558476069   1078894058
PPOPUL-ISO:            0            0     0.61E+02   1433818845   1078894416
PPOPUL-ISO:            0            0     0.61E+02  -1773900472   1078895059
PPOPUL-ISO:            0            0     0.61E+02    439830284   1078896235
PPOPUL-ISO:            0            0     0.61E+02   -415708800   1078897517
PPOPUL-ISO:            0            0     0.61E+02    117595679   1078899135
PPOPUL-ISO:            0            0     0.61E+02    170358093   1078899135
PPOPUL-ISO:            0            0     0.61E+02  -1733388768   1078899172
PPOPUL-ISO:            0            0     0.61E+02  -1749079616   1078899665
PPOPUL-ISO:            0            0     0.61E+02   1063995469   1078900792
PPOPUL-ISO:            0            0     0.61E+02    885233321   1078902100
PPOPUL-ISO:            0            0     0.62E+02  -1222206908   1078904394
PPOPUL-ISO:            0            0     0.62E+02   -848196038   1078906479
PPOPUL-ISO:            0            0     0.62E+02   1652953061   1078910532
PPOPUL-ISO:            0            0     0.62E+02  -1164690731   1078915021
PPOPUL-ISO:            0            0     0.62E+02  -1460962368   1078918041
PPOPUL-ISO:            0            0     0.62E+02   -238211147   1078920520
PPOPUL-ISO:            0            0     0.62E+02   -118083115   1078923176
PPOPUL-ISO:            0            0     0.62E+02  -2124317152   1078928885
PPOPUL-ISO:            0            0     0.62E+02  -2124317152   1078928885
PPOPUL-ISO:            0            0     0.62E+02   -867461309   1078929116
PPOPUL-ISO:            0            0     0.62E+02   1491922606   1078929596
PPOPUL-ISO:            0            0     0.62E+02   -133880284   1078930301
PPOPUL-ISO:            0            0     0.62E+02   1062219852   1078931209
PPOPUL-ISO:            0            0     0.62E+02   -118098611   1078932308
PPOPUL-ISO:            0            0     0.62E+02  -1523744983   1078933664
PPOPUL-ISO:            0            0     0.63E+02     61206459   1078936021
PPOPUL-ISO:            0            0     0.63E+02    301919609   1078948798
PPOPUL-ISO:            0            0     0.63E+02    348163956   1078948798
PPOPUL-ISO:            0            0     0.63E+02   2134716931   1078948798
PPOPUL-ISO:            0            0     0.63E+02   1673505480   1078948802
PPOPUL-ISO:            0            0     0.63E+02  -1035855073   1078948822
PPOPUL-ISO:            0            0     0.63E+02  -1374326030   1078948885
PPOPUL-ISO:            0            0     0.63E+02    413823756   1078948941
PPOPUL-ISO:            0            0     0.63E+02    250532056   1078949107
PPOPUL-ISO:            0            0     0.63E+02  -1672757735   1078949297
PPOPUL-ISO:            0            0     0.63E+02  -1499791190   1078949476
PPOPUL-ISO:            0            0     0.63E+02  -2067707573   1078949678
PPOPUL-ISO:            0            0     0.63E+02    699380219   1078949897
PPOPUL-ISO:            0            0     0.63E+02   -457185521   1078950134
PPOPUL-ISO:            0            0     0.63E+02   -149607473   1078950458
PPOPUL-ISO:            0            0     0.63E+02  -1541466869   1078951233
PPOPUL-ISO:            0            0     0.63E+02   1129894712   1078952729
PPOPUL-ISO:            0            0     0.63E+02   -210559550   1078953396
PPOPUL-ISO:            0            0     0.63E+02  -1840915201   1078953847
PPOPUL-ISO:            0            0     0.63E+02  -1840915201   1078953847
PPOPUL-ISO:            0            0     0.63E+02    576098921   1078953974
PPOPUL-ISO:            0            0     0.63E+02    817111379   1078954403
PPOPUL-ISO:            0            0     0.63E+02    817112240   1078954403
PPOPUL-ISO:            0            0     0.63E+02    817112620   1078954403
PPOPUL-ISO:            0            0     0.63E+02    817183845   1078954403
PPOPUL-ISO:            0            0     0.63E+02    817237002   1078954403
PPOPUL-ISO:            0            0     0.63E+02    819772170   1078954403
PPOPUL-ISO:            0            0     0.63E+02    821868341   1078954403
PPOPUL-ISO:            0            0     0.63E+02    823590313   1078954403
PPOPUL-ISO:            0            0     0.63E+02    825092214   1078954403
PPOPUL-ISO:            0            0     0.63E+02    825092214   1078954403
PPOPUL-ISO:            0            0     0.63E+02    843374396   1078954403
PPOPUL-ISO:            0            0     0.63E+02    864464608   1078954403
PPOPUL-ISO:            0            0     0.63E+02    886714250   1078954403
PPOPUL-ISO:            0            0     0.63E+02    909135084   1078954403
PPOPUL-ISO:            0            0     0.63E+02    931152425   1078954403
PPOPUL-ISO:            0            0     0.63E+02    952448581   1078954403
PPOPUL-ISO:            0            0     0.63E+02    972535090   1078954403
PPOPUL-ISO:            0            0     0.63E+02    991528955   1078954403
PPOPUL-ISO:            0            0     0.63E+02   1029101558   1078954403
PPOPUL-ISO:            0            0     0.63E+02   1181315214   1078954403
PPOPUL-ISO:            0            0     0.63E+02   1222540798   1078954403
PPOPUL-ISO:            0            0     0.63E+02   1264780491   1078954403
PPOPUL-ISO:            0            0     0.63E+02   1455103244   1078954403
PPOPUL-ISO:            0            0     0.63E+02   -586690486   1078954404
PPOPUL-ISO:            0            0     0.63E+02    775110011   1078954416
PPOPUL-ISO:            0            0     0.63E+02   -916238292   1078954440
PPOPUL-ISO:            0            0     0.63E+02   1367019509   1078954496
PPOPUL-ISO:            0            0     0.63E+02    675389539   1078954566
PPOPUL-ISO:            0            0     0.63E+02   1990562933   1078954598
PPOPUL-ISO:            0            0     0.63E+02   -406773939   1078954679
PPOPUL-ISO:            0            0     0.63E+02  -1374572863   1078954696
PPOPUL-ISO:            0            0     0.63E+02  -1113601157   1078954715
PPOPUL-ISO:            0            0     0.63E+02  -2098373566   1078954740
PPOPUL-ISO:            0            0     0.63E+02   1489987899   1078954807
PPOPUL-ISO:            0            0     0.63E+02   1489987899   1078954807
PPOPUL-ISO:            0            0     0.63E+02  -2083209401   1078954807
PPOPUL-ISO:            0            0     0.63E+02   -147300892   1078954807
PPOPUL-ISO:            0            0     0.63E+02   -798179640   1078954808
PPOPUL-ISO:            0            0     0.63E+02    810233900   1078954810
PPOPUL-ISO:            0            0     0.63E+02   1387724587   1078954812
PPOPUL-ISO:            0            0     0.63E+02   -878902339   1078954815
PPOPUL-ISO:            0            0     0.63E+02  -1052517598   1078954821
PPOPUL-ISO:            0            0     0.63E+02   2084529115   1078954831
PPOPUL-ISO:            0            0     0.63E+02   1628137586   1078954845
PPOPUL-ISO:            0            0     0.63E+02   1784334241   1078954864
PPOPUL-ISO:            0            0     0.63E+02   1757200761   1078954908
PPOPUL-ISO:            0            0     0.63E+02   1960271150   1078954912
PPOPUL-ISO:            0            0     0.63E+02  -2066261534   1078954962
PPOPUL-ISO:            0            0     0.63E+02   1574598002   1078955454
PPOPUL-ISO:            0            0     0.63E+02   -303951949   1078956547
PPOPUL-ISO:            0            0     0.63E+02    541358233   1078957717
PPOPUL-ISO:            0            0     0.63E+02  -1201731059   1078959845
PPOPUL-ISO:            0            0     0.63E+02    443248637   1078961240
PPOPUL-ISO:            0            0     0.63E+02    -12657587   1078962793
PPOPUL-ISO:            0            0     0.63E+02    197957416   1078966070
PPOPUL-ISO:            0            0     0.63E+02   -332438771   1078967552
PPOPUL-ISO:            0            0     0.64E+02  -1806666303   1078968881
PPOPUL-ISO:            0            0     0.64E+02   -575247705   1078970389
PPOPUL-ISO:            0            0     0.64E+02   1572320569   1078974051
PPOPUL-ISO:            0            0     0.64E+02   1572320569   1078974051
PPOPUL-ISO:            0            0     0.64E+02  -1123438586   1078974089
PPOPUL-ISO:            0            0     0.64E+02   -263781289   1078974181
PPOPUL-ISO:            0            0     0.64E+02   -431183502   1078974335
PPOPUL-ISO:            0            0     0.64E+02   1284862239   1078974558
PPOPUL-ISO:            0            0     0.64E+02  -2088319511   1078974869
PPOPUL-ISO:            0            0     0.64E+02  -1338626380   1078975336
PPOPUL-ISO:            0            0     0.64E+02  -1366239321   1078976128
PPOPUL-ISO:            0            0     0.64E+02  -1707489857   1078977697
PPOPUL-ISO:            0            0     0.64E+02   -969104452   1078982658
PPOPUL-ISO:            0            0     0.64E+02    591929559   1078982661
PPOPUL-ISO:            0            0     0.64E+02  -1203788016   1078982846
PPOPUL-ISO:            0            0     0.64E+02  -1494386799   1078983648
PPOPUL-ISO:            0            0     0.64E+02  -1692037682   1078985599
PPOPUL-ISO:            0            0     0.64E+02     92187158   1078988015
PPOPUL-ISO:            0            0     0.64E+02   1775333437   1078991704
PPOPUL-ISO:            0            0     0.65E+02   -971206386   1078996357
PPOPUL-ISO:            0            0     0.65E+02   -462521743   1079001057
PPOPUL-ISO:            0            0     0.66E+02  -2046286243   1079009418
PPOPUL-ISO:            0            0     0.66E+02  -1849738941   1079023947
PPOPUL-ISO:            0            0     0.67E+02  -1296359188   1079035896
PPOPUL-ISO:            0            0     0.68E+02   1598124592   1079044505
PPOPUL-ISO:            0            0     0.68E+02  -1933663714   1079052081
PPOPUL-ISO:            0            0     0.69E+02  -1945287304   1079066768
PPOPUL-ISO:            0            0     0.69E+02  -1945287304   1079066768
PPOPUL-ISO:            0            0     0.69E+02   1796323751   1079067300
PPOPUL-ISO:            0            0     0.69E+02   2052898702   1079068479
PPOPUL-ISO:            0            0     0.69E+02    761373217   1079070291
PPOPUL-ISO:            0            0     0.69E+02    428803660   1079072691
PPOPUL-ISO:            0            0     0.70E+02  -1595280480   1079075747
PPOPUL-ISO:            0            0     0.70E+02  -1331860884   1079080602
PPOPUL-ISO:            0            0     0.71E+02    574060871   1079105371
PPOPUL-ISO:            0            0     0.71E+02   1417044784   1079105371
PPOPUL-ISO:            0            0     0.71E+02   -685329999   1079105373
PPOPUL-ISO:            0            0     0.71E+02   1843847776   1079105397
PPOPUL-ISO:            0            0     0.71E+02    -60242574   1079105417
PPOPUL-ISO:            0            0     0.71E+02  -1244950718   1079105558
PPOPUL-ISO:            0            0     0.71E+02   1677155144   1079105717
PPOPUL-ISO:            0            0     0.71E+02    681838992   1079106250
PPOPUL-ISO:            0            0     0.71E+02   2128166635   1079106734
PPOPUL-ISO:            0            0     0.71E+02  -1427841406   1079107410
PPOPUL-ISO:            0            0     0.72E+02    996835423   1079108860
PPOPUL-ISO:            0            0     0.72E+02   1545931423   1079111978
PPOPUL-ISO:            0            0     0.72E+02   1884412890   1079116696
PPOPUL-ISO:            0            0     0.72E+02    -60965710   1079119380
PPOPUL-ISO:            0            0     0.72E+02    841715695   1079120858
PPOPUL-ISO:            0            0     0.72E+02   1135268925   1079122985
PPOPUL-ISO:            0            0     0.72E+02   1135268925   1079122985
PPOPUL-ISO:            0            0     0.72E+02  -1457956422   1079123308
PPOPUL-ISO:            0            0     0.72E+02  -2132653328   1079123883
PPOPUL-ISO:            0            0     0.73E+02    448893686   1079124652
PPOPUL-ISO:            0            0     0.73E+02   -126279227   1079125713
PPOPUL-ISO:            0            0     0.73E+02    278843736   1079128493
PPOPUL-ISO:            0            0     0.73E+02    279045671   1079128493
PPOPUL-ISO:            0            0     0.73E+02    279157488   1079128493
PPOPUL-ISO:            0            0     0.73E+02    288139577   1079128493
PPOPUL-ISO:            0            0     0.73E+02    294375271   1079128493
PPOPUL-ISO:            0            0     0.73E+02    522572068   1079128493
PPOPUL-ISO:            0            0     0.73E+02    704056141   1079128493
PPOPUL-ISO:            0            0     0.73E+02    848390720   1079128493
PPOPUL-ISO:            0            0     0.73E+02    971664289   1079128493
PPOPUL-ISO:            0            0     0.73E+02    971664289   1079128493
PPOPUL-ISO:            0            0     0.73E+02   1789332530   1079128493
PPOPUL-ISO:            0            0     0.73E+02  -1351881007   1079128493
PPOPUL-ISO:            0            0     0.73E+02     10431651   1079128494
PPOPUL-ISO:            0            0     0.73E+02   1502723088   1079128494
PPOPUL-ISO:            0            0     0.73E+02  -1234682643   1079128494
PPOPUL-ISO:            0            0     0.73E+02    334882739   1079128495
PPOPUL-ISO:            0            0     0.73E+02   1867267981   1079128495
PPOPUL-ISO:            0            0     0.73E+02   -908945267   1079128495
PPOPUL-ISO:            0            0     0.73E+02  -2037742800   1079128496
PPOPUL-ISO:            0            0     0.73E+02   -173262662   1079128498
PPOPUL-ISO:            0            0     0.73E+02  -1341787422   1079128499
PPOPUL-ISO:            0            0     0.73E+02  -1335400885   1079128499
PPOPUL-ISO:            0            0     0.73E+02  -1261439309   1079128499
PPOPUL-ISO:            0            0     0.73E+02  -1090563468   1079128499
PPOPUL-ISO:            0            0     0.73E+02  -1036205417   1079128499
PPOPUL-ISO:            0            0     0.73E+02   -916046738   1079128499
PPOPUL-ISO:            0            0     0.73E+02   -847976593   1079128499
PPOPUL-ISO:            0            0     0.73E+02   -837854935   1079128499
PPOPUL-ISO:            0            0     0.73E+02   -819349618   1079128499
PPOPUL-ISO:            0            0     0.73E+02   -780841295   1079128499
PPOPUL-ISO:            0            0     0.73E+02   -779246037   1079128499
PPOPUL-ISO:            0            0     0.73E+02   -776152826   1079128499
PPOPUL-ISO:            0            0     0.73E+02   -770040322   1079128499
PPOPUL-ISO:            0            0     0.73E+02   -756777802   1079128499
PPOPUL-ISO:            0            0     0.73E+02   -756138794   1079128499
PPOPUL-ISO:            0            0     0.73E+02    338961457   1079128501
PPOPUL-ISO:            0            0     0.73E+02    433171116   1079128506
PPOPUL-ISO:            0            0     0.73E+02    989519621   1079128515
PPOPUL-ISO:            0            0     0.73E+02   1113951097   1079128517
PPOPUL-ISO:            0            0     0.73E+02   -425181045   1079128522
PPOPUL-ISO:            0            0     0.73E+02    873524863   1079128524
PPOPUL-ISO:            0            0     0.73E+02    -30898070   1079128527
PPOPUL-ISO:            0            0     0.73E+02  -1943417647   1079128528
PPOPUL-ISO:            0            0     0.73E+02   1278775707   1079128529
PPOPUL-ISO:            0            0     0.73E+02  -1798365385   1079128531
PPOPUL-ISO:            0            0     0.73E+02   -856772725   1079128531
PPOPUL-ISO:            0            0     0.73E+02    573693191   1079128532
PPOPUL-ISO:            0            0     0.73E+02  -2035915069   1079128532
PPOPUL-ISO:            0            0     0.73E+02   -403554242   1079128532
PPOPUL-ISO:            0            0     0.73E+02   1302713094   1079128533
PPOPUL-ISO:            0            0     0.73E+02   1641320410   1079128534
PPOPUL-ISO:            0            0     0.73E+02   1641320410   1079128534
PPOPUL-ISO:            0            0     0.73E+02   1656851029   1079128534
PPOPUL-ISO:            0            0     0.73E+02   1696468370   1079128534
PPOPUL-ISO:            0            0     0.73E+02   1769259650   1079128534
PPOPUL-ISO:            0            0     0.73E+02   1914982374   1079128534
PPOPUL-ISO:            0            0     0.73E+02  -1473887734   1079128534
PPOPUL-ISO:            0            0     0.73E+02   1362998172   1079128606
PPOPUL-ISO:            0            0     0.73E+02    776901423   1079128915
PPOPUL-ISO:            0            0     0.73E+02   1220454019   1079129300
PPOPUL-ISO:            0            0     0.73E+02  -1435327495   1079129598
PPOPUL-ISO:            0            0     0.73E+02   -923560717   1079130041
PPOPUL-ISO:            0            0     0.73E+02   1154488980   1079130294
PPOPUL-ISO:            0            0     0.73E+02   1398012919   1079130709
PPOPUL-ISO:            0            0     0.73E+02  -2083514239   1079130862
PPOPUL-ISO:            0            0     0.73E+02   -129572377   1079131003
PPOPUL-ISO:            0            0     0.73E+02  -1894306259   1079131181
PPOPUL-ISO:            0            0     0.73E+02   2083128321   1079131377
PPOPUL-ISO:            0            0     0.73E+02   2084235137   1079131687
PPOPUL-ISO:            0            0     0.73E+02   2084235137   1079131687
PPOPUL-ISO:            0            0     0.73E+02   1822499277   1079131690
PPOPUL-ISO:            0            0     0.73E+02  -1511974390   1079131697
PPOPUL-ISO:            0            0     0.73E+02   1148698274   1079131710
PPOPUL-ISO:            0            0     0.73E+02  -1203849471   1079131730
PPOPUL-ISO:            0            0     0.73E+02   2007975785   1079131767
PPOPUL-ISO:            0            0     0.73E+02    479267870   1079131827
PPOPUL-ISO:            0            0     0.73E+02  -1761540908   1079131935
PPOPUL-ISO:            0            0     0.73E+02  -1235024422   1079132276
PPOPUL-ISO:            0            0     0.73E+02   1794955926   1079132277
PPOPUL-ISO:            0            0     0.73E+02   1973594193   1079132346
PPOPUL-ISO:            0            0     0.73E+02    767915868   1079132903
PPOPUL-ISO:            0            0     0.73E+02   1369207226   1079133474
PPOPUL-ISO:            0            0     0.73E+02  -1304768301   1079134446
PPOPUL-ISO:            0            0     0.73E+02  -1616495191   1079135381
PPOPUL-ISO:            0            0     0.73E+02   -381841260   1079137178
PPOPUL-ISO:            0            0     0.73E+02  -1723068683   1079138232
PPOPUL-ISO:            0            0     0.73E+02    103119424   1079139416
PPOPUL-ISO:            0            0     0.74E+02    527037326   1079141956
PPOPUL-ISO:            0            0     0.74E+02   1831116515   1079142470
PPOPUL-ISO:            0            0     0.74E+02   1137302611   1079143228
PPOPUL-ISO:            0            0     0.74E+02  -1453927222   1079144542
PPOPUL-ISO:            0            0     0.74E+02     80700213   1079146643
PPOPUL-ISO:            0            0     0.74E+02   1725288082   1079149111
PPOPUL-ISO:            0            0     0.74E+02    541376140   1079151337
PPOPUL-ISO:            0            0     0.74E+02    683810028   1079154679
PPOPUL-ISO:            0            0     0.74E+02    683810028   1079154679
PPOPUL-ISO:            0            0     0.74E+02    -54964126   1079154758
PPOPUL-ISO:            0            0     0.74E+02   -806749063   1079154977
PPOPUL-ISO:            0            0     0.74E+02   -626975620   1079155927
PPOPUL-ISO:            0            0     0.74E+02   1445904311   1079155928
PPOPUL-ISO:            0            0     0.74E+02  -1293995575   1079155934
PPOPUL-ISO:            0            0     0.74E+02   -147385734   1079155968
PPOPUL-ISO:            0            0     0.74E+02   -191323334   1079156068
PPOPUL-ISO:            0            0     0.74E+02   1582318958   1079156282
PPOPUL-ISO:            0            0     0.74E+02  -1520022289   1079156525
PPOPUL-ISO:            0            0     0.74E+02   2002077385   1079156723
PPOPUL-ISO:            0            0     0.75E+02    401344982   1079157210
PPOPUL-ISO:            0            0     0.75E+02   1666079355   1079157623
PPOPUL-ISO:            0            0     0.75E+02    733596315   1079158128
PPOPUL-ISO:            0            0     0.75E+02   1279114549   1079158715
PPOPUL-ISO:            0            0     0.75E+02   1279114549   1079158715
PPOPUL-ISO:            0            0     0.75E+02  -1634366721   1079158803
PPOPUL-ISO:            0            0     0.75E+02   -452559631   1079158959
PPOPUL-ISO:            0            0     0.75E+02   -471412099   1079159168
PPOPUL-ISO:            0            0     0.75E+02    864739591   1079159421
PPOPUL-ISO:            0            0     0.75E+02  -1725374446   1079159711
PPOPUL-ISO:            0            0     0.75E+02  -1891502543   1079160060
PPOPUL-ISO:            0            0     0.75E+02    568519668   1079160621
PPOPUL-ISO:            0            0     0.75E+02  -1735433768   1079161656
PPOPUL-ISO:            0            0     0.75E+02   1548152581   1079164489
PPOPUL-ISO:            0            0     0.75E+02   1548694706   1079164489
PPOPUL-ISO:            0            0     0.75E+02   1549035937   1079164489
PPOPUL-ISO:            0            0     0.75E+02   1559591644   1079164489
PPOPUL-ISO:            0            0     0.75E+02   1568144580   1079164489
PPOPUL-ISO:            0            0     0.75E+02   1669352172   1079164489
PPOPUL-ISO:            0            0     0.75E+02   1769270698   1079164489
PPOPUL-ISO:            0            0     0.75E+02   -952335591   1079164489
PPOPUL-ISO:            0            0     0.75E+02      7366121   1079164491
PPOPUL-ISO:            0            0     0.75E+02   1375484019   1079164491
PPOPUL-ISO:            0            0     0.75E+02   2058652109   1079164491
PPOPUL-ISO:            0            0     0.75E+02  -1635711669   1079164491
PPOPUL-ISO:            0            0     0.75E+02   -942214113   1079164491
PPOPUL-ISO:            0            0     0.75E+02   -942214113   1079164491
PPOPUL-ISO:            0            0     0.75E+02    272280316   1079164492
PPOPUL-ISO:            0            0     0.75E+02   1830761421   1079164492
PPOPUL-ISO:            0            0     0.75E+02   -742548372   1079164492
PPOPUL-ISO:            0            0     0.75E+02   1076732262   1079164493
PPOPUL-ISO:            0            0     0.75E+02  -1219419176   1079164493
PPOPUL-ISO:            0            0     0.75E+02   1953809141   1079164494
