C (48)Ca+(206)Pb -> (254)No                                               
H:  X  Y  '253No  '
C 253No  
  50.4  0.000E+00;  19.8  0.873E-04;  23.6  0.188E-04;  25.6  0.548E-05;
  28.9  0.420E-06;  19.8  0.873E-04;  20.4  0.745E-04;  23.0  0.238E-04;
  23.3  0.214E-04;  23.3  0.206E-04;  23.6  0.188E-04;  24.2  0.126E-04;
  25.2  0.684E-05;  25.6  0.548E-05;  28.9  0.420E-06;  30.7  0.000E+00;
H:  X  Y  '252No  '
C 252No  
  50.4  0.000E+00;  19.8  0.198E-03;  23.6  0.116E-02;  25.6  0.811E-03;
  28.9  0.190E-03;  19.8  0.198E-03;  20.4  0.350E-03;  23.0  0.122E-02;
  23.3  0.123E-02;  23.3  0.121E-02;  23.6  0.116E-02;  24.2  0.121E-02;
  25.2  0.975E-03;  25.6  0.811E-03;  28.9  0.190E-03;  30.7  0.608E-04;
H:  X  Y  '251No  '
C 251No  
  50.4  0.142E-07;  19.8  0.000E+00;  23.6  0.554E-07;  25.6  0.633E-05;
  28.9  0.123E-03;  19.8  0.000E+00;  20.4  0.000E+00;  23.0  0.219E-07;
  23.3  0.395E-07;  23.3  0.440E-07;  23.6  0.554E-07;  24.2  0.466E-06;
  25.2  0.433E-05;  25.6  0.633E-05;  28.9  0.123E-03;  30.7  0.237E-03;
H:  X  Y  '250No  '
C 250No  
  50.4  0.316E-06;  19.8  0.000E+00;  23.6  0.000E+00;  25.6  0.000E+00;
  28.9  0.000E+00;  19.8  0.000E+00;  20.4  0.000E+00;  23.0  0.000E+00;
  23.3  0.000E+00;  23.3  0.000E+00;  23.6  0.000E+00;  24.2  0.000E+00;
  25.2  0.000E+00;  25.6  0.000E+00;  28.9  0.000E+00;  30.7  0.539E-09;
H:  X  Y  '249No  '
C 249No  
  50.4  0.232E-06;  19.8  0.000E+00;  23.6  0.000E+00;  25.6  0.000E+00;
  28.9  0.000E+00;  19.8  0.000E+00;  20.4  0.000E+00;  23.0  0.000E+00;
  23.3  0.000E+00;  23.3  0.000E+00;  23.6  0.000E+00;  24.2  0.000E+00;
  25.2  0.000E+00;  25.6  0.000E+00;  28.9  0.000E+00;  30.7  0.000E+00;
H:  X  Y  '253Md  '
C 253Md  
  50.4  0.000E+00;  19.8  0.110E-05;  23.6  0.213E-05;  25.6  0.130E-05;
  28.9  0.290E-06;  19.8  0.110E-05;  20.4  0.142E-05;  23.0  0.223E-05;
  23.3  0.213E-05;  23.3  0.213E-05;  23.6  0.213E-05;  24.2  0.190E-05;
  25.2  0.145E-05;  25.6  0.130E-05;  28.9  0.290E-06;  30.7  0.919E-07;
H:  X  Y  '252Md  '
C 252Md  
  50.4  0.000E+00;  19.8  0.995E-08;  23.6  0.135E-05;  25.6  0.536E-05;
  28.9  0.137E-04;  19.8  0.995E-08;  20.4  0.312E-07;  23.0  0.816E-06;
  23.3  0.997E-06;  23.3  0.108E-05;  23.6  0.135E-05;  24.2  0.211E-05;
  25.2  0.429E-05;  25.6  0.536E-05;  28.9  0.137E-04;  30.7  0.114E-04;
H:  X  Y  '251Md  '
C 251Md  
  50.4  0.253E-07;  19.8  0.000E+00;  23.6  0.000E+00;  25.6  0.723E-09;
  28.9  0.102E-06;  19.8  0.000E+00;  20.4  0.000E+00;  23.0  0.000E+00;
  23.3  0.000E+00;  23.3  0.000E+00;  23.6  0.000E+00;  24.2  0.159E-10;
  25.2  0.340E-09;  25.6  0.723E-09;  28.9  0.102E-06;  30.7  0.537E-06;
H:  X  Y  '250Md  '
C 250Md  
  50.4  0.342E-06;  19.8  0.000E+00;  23.6  0.000E+00;  25.6  0.000E+00;
  28.9  0.000E+00;  19.8  0.000E+00;  20.4  0.000E+00;  23.0  0.000E+00;
  23.3  0.000E+00;  23.3  0.000E+00;  23.6  0.000E+00;  24.2  0.000E+00;
  25.2  0.000E+00;  25.6  0.000E+00;  28.9  0.000E+00;  30.7  0.000E+00;
H:  X  Y  '249Md  '
C 249Md  
  50.4  0.128E-07;  19.8  0.000E+00;  23.6  0.000E+00;  25.6  0.000E+00;
  28.9  0.000E+00;  19.8  0.000E+00;  20.4  0.000E+00;  23.0  0.000E+00;
  23.3  0.000E+00;  23.3  0.000E+00;  23.6  0.000E+00;  24.2  0.000E+00;
  25.2  0.000E+00;  25.6  0.000E+00;  28.9  0.000E+00;  30.7  0.000E+00;
H:  X  Y  '248Md  '
C 248Md  
  50.4  0.378E-13;  19.8  0.000E+00;  23.6  0.000E+00;  25.6  0.000E+00;
  28.9  0.000E+00;  19.8  0.000E+00;  20.4  0.000E+00;  23.0  0.000E+00;
  23.3  0.000E+00;  23.3  0.000E+00;  23.6  0.000E+00;  24.2  0.000E+00;
  25.2  0.000E+00;  25.6  0.000E+00;  28.9  0.000E+00;  30.7  0.000E+00;
H:  X  Y  '252Fm  '
C 252Fm  
  50.4  0.162E-10;  19.8  0.117E-14;  23.6  0.206E-11;  25.6  0.223E-10;
  28.9  0.337E-09;  19.8  0.117E-14;  20.4  0.850E-14;  23.0  0.920E-12;
  23.3  0.132E-11;  23.3  0.148E-11;  23.6  0.206E-11;  24.2  0.427E-11;
  25.2  0.145E-10;  25.6  0.223E-10;  28.9  0.337E-09;  30.7  0.960E-09;
H:  X  Y  '251Fm  '
C 251Fm  
  50.4  0.239E-08;  19.8  0.000E+00;  23.6  0.000E+00;  25.6  0.000E+00;
  28.9  0.553E-12;  19.8  0.000E+00;  20.4  0.000E+00;  23.0  0.000E+00;
  23.3  0.000E+00;  23.3  0.000E+00;  23.6  0.000E+00;  24.2  0.000E+00;
  25.2  0.000E+00;  25.6  0.000E+00;  28.9  0.553E-12;  30.7  0.109E-10;
H:  X  Y  '250Fm  '
C 250Fm  
  50.4  0.269E-08;  19.8  0.395E-06;  23.6  0.170E-05;  25.6  0.144E-05;
  28.9  0.453E-06;  19.8  0.395E-06;  20.4  0.590E-06;  23.0  0.164E-05;
  23.3  0.166E-05;  23.3  0.165E-05;  23.6  0.170E-05;  24.2  0.173E-05;
  25.2  0.158E-05;  25.6  0.144E-05;  28.9  0.453E-06;  30.7  0.163E-06;
H:  X  Y  '249Fm  '
C 249Fm  
  50.4  0.184E-09;  19.8  0.648E-08;  23.6  0.581E-06;  25.6  0.243E-05;
  28.9  0.819E-05;  19.8  0.648E-08;  20.4  0.157E-07;  23.0  0.355E-06;
  23.3  0.435E-06;  23.3  0.465E-06;  23.6  0.581E-06;  24.2  0.932E-06;
  25.2  0.195E-05;  25.6  0.243E-05;  28.9  0.819E-05;  30.7  0.913E-05;
H:  X  Y  '248Fm  '
C 248Fm  
  50.4  0.384E-07;  19.8  0.000E+00;  23.6  0.000E+00;  25.6  0.503E-09;
  28.9  0.452E-07;  19.8  0.000E+00;  20.4  0.000E+00;  23.0  0.000E+00;
  23.3  0.000E+00;  23.3  0.000E+00;  23.6  0.000E+00;  24.2  0.534E-11;
  25.2  0.158E-09;  25.6  0.503E-09;  28.9  0.452E-07;  30.7  0.214E-06;
H:  X  Y  '247Fm  '
C 247Fm  
  50.4  0.322E-06;  19.8  0.000E+00;  23.6  0.000E+00;  25.6  0.000E+00;
  28.9  0.000E+00;  19.8  0.000E+00;  20.4  0.000E+00;  23.0  0.000E+00;
  23.3  0.000E+00;  23.3  0.000E+00;  23.6  0.000E+00;  24.2  0.000E+00;
  25.2  0.000E+00;  25.6  0.000E+00;  28.9  0.000E+00;  30.7  0.000E+00;
H:  X  Y  '251Es  '
C 251Es  
  50.4  0.739E-12;  19.8  0.000E+00;  23.6  0.000E+00;  25.6  0.000E+00;
  28.9  0.000E+00;  19.8  0.000E+00;  20.4  0.000E+00;  23.0  0.000E+00;
  23.3  0.000E+00;  23.3  0.000E+00;  23.6  0.000E+00;  24.2  0.000E+00;
  25.2  0.000E+00;  25.6  0.000E+00;  28.9  0.000E+00;  30.7  0.107E-19;
H:  X  Y  '250Es  '
C 250Es  
  50.4  0.300E-12;  19.8  0.000E+00;  23.6  0.000E+00;  25.6  0.000E+00;
  28.9  0.000E+00;  19.8  0.000E+00;  20.4  0.000E+00;  23.0  0.000E+00;
  23.3  0.000E+00;  23.3  0.000E+00;  23.6  0.000E+00;  24.2  0.000E+00;
  25.2  0.000E+00;  25.6  0.000E+00;  28.9  0.000E+00;  30.7  0.000E+00;
H:  X  Y  '249Es  '
C 249Es  
  50.4  0.995E-10;  19.8  0.785E-15;  23.6  0.168E-11;  25.6  0.187E-10;
  28.9  0.294E-09;  19.8  0.785E-15;  20.4  0.570E-14;  23.0  0.739E-12;
  23.3  0.103E-11;  23.3  0.122E-11;  23.6  0.168E-11;  24.2  0.340E-11;
  25.2  0.118E-10;  25.6  0.187E-10;  28.9  0.294E-09;  30.7  0.920E-09;
H:  X  Y  '248Es  '
C 248Es  
  50.4  0.998E-08;  19.8  0.000E+00;  23.6  0.000E+00;  25.6  0.000E+00;
  28.9  0.208E-12;  19.8  0.000E+00;  20.4  0.000E+00;  23.0  0.000E+00;
  23.3  0.000E+00;  23.3  0.000E+00;  23.6  0.000E+00;  24.2  0.000E+00;
  25.2  0.000E+00;  25.6  0.000E+00;  28.9  0.208E-12;  30.7  0.488E-11;
H:  X  Y  '247Es  '
C 247Es  
  50.4  0.798E-08;  19.8  0.000E+00;  23.6  0.000E+00;  25.6  0.000E+00;
  28.9  0.000E+00;  19.8  0.000E+00;  20.4  0.000E+00;  23.0  0.000E+00;
  23.3  0.000E+00;  23.3  0.000E+00;  23.6  0.000E+00;  24.2  0.000E+00;
  25.2  0.000E+00;  25.6  0.000E+00;  28.9  0.000E+00;  30.7  0.000E+00;
H:  X  Y  '246Es  '
C 246Es  
  50.4  0.171E-10;  19.8  0.000E+00;  23.6  0.000E+00;  25.6  0.000E+00;
  28.9  0.000E+00;  19.8  0.000E+00;  20.4  0.000E+00;  23.0  0.000E+00;
  23.3  0.000E+00;  23.3  0.000E+00;  23.6  0.000E+00;  24.2  0.000E+00;
  25.2  0.000E+00;  25.6  0.000E+00;  28.9  0.000E+00;  30.7  0.000E+00;
H:  X  Y  '250Cf  '
C 250Cf  
  50.4  0.236E-19;  19.8  0.000E+00;  23.6  0.000E+00;  25.6  0.000E+00;
  28.9  0.000E+00;  19.8  0.000E+00;  20.4  0.000E+00;  23.0  0.000E+00;
  23.3  0.000E+00;  23.3  0.000E+00;  23.6  0.000E+00;  24.2  0.000E+00;
  25.2  0.000E+00;  25.6  0.000E+00;  28.9  0.000E+00;  30.7  0.000E+00;
H:  X  Y  '249Cf  '
C 249Cf  
  50.4  0.235E-22;  19.8  0.000E+00;  23.6  0.000E+00;  25.6  0.000E+00;
  28.9  0.000E+00;  19.8  0.000E+00;  20.4  0.000E+00;  23.0  0.000E+00;
  23.3  0.000E+00;  23.3  0.000E+00;  23.6  0.000E+00;  24.2  0.000E+00;
  25.2  0.000E+00;  25.6  0.000E+00;  28.9  0.000E+00;  30.7  0.000E+00;
H:  X  Y  '248Cf  '
C 248Cf  
  50.4  0.231E-11;  19.8  0.000E+00;  23.6  0.000E+00;  25.6  0.000E+00;
  28.9  0.352E-20;  19.8  0.000E+00;  20.4  0.000E+00;  23.0  0.000E+00;
  23.3  0.000E+00;  23.3  0.000E+00;  23.6  0.000E+00;  24.2  0.000E+00;
  25.2  0.000E+00;  25.6  0.000E+00;  28.9  0.352E-20;  30.7  0.233E-18;
H:  X  Y  '247Cf  '
C 247Cf  
  50.4  0.108E-11;  19.8  0.000E+00;  23.6  0.000E+00;  25.6  0.000E+00;
  28.9  0.000E+00;  19.8  0.000E+00;  20.4  0.000E+00;  23.0  0.000E+00;
  23.3  0.000E+00;  23.3  0.000E+00;  23.6  0.000E+00;  24.2  0.000E+00;
  25.2  0.000E+00;  25.6  0.000E+00;  28.9  0.000E+00;  30.7  0.000E+00;
H:  X  Y  '246Cf  '
C 246Cf  
  50.4  0.112E-09;  19.8  0.000E+00;  23.6  0.000E+00;  25.6  0.000E+00;
  28.9  0.721E-10;  19.8  0.000E+00;  20.4  0.000E+00;  23.0  0.000E+00;
  23.3  0.000E+00;  23.3  0.000E+00;  23.6  0.000E+00;  24.2  0.000E+00;
  25.2  0.000E+00;  25.6  0.000E+00;  28.9  0.721E-10;  30.7  0.230E-09;
H:  X  Y  '245Cf  '
C 245Cf  
  50.4  0.762E-08;  19.8  0.000E+00;  23.6  0.000E+00;  25.6  0.000E+00;
  28.9  0.194E-12;  19.8  0.000E+00;  20.4  0.000E+00;  23.0  0.000E+00;
  23.3  0.000E+00;  23.3  0.000E+00;  23.6  0.000E+00;  24.2  0.000E+00;
  25.2  0.000E+00;  25.6  0.000E+00;  28.9  0.194E-12;  30.7  0.254E-11;
H:  X  Y  '249Bk  '
C 249Bk  
  50.4  0.392E-35;  19.8  0.000E+00;  23.6  0.000E+00;  25.6  0.000E+00;
  28.9  0.000E+00;  19.8  0.000E+00;  20.4  0.000E+00;  23.0  0.000E+00;
  23.3  0.000E+00;  23.3  0.000E+00;  23.6  0.000E+00;  24.2  0.000E+00;
  25.2  0.000E+00;  25.6  0.000E+00;  28.9  0.000E+00;  30.7  0.000E+00;
H:  X  Y  '247Bk  '
C 247Bk  
  50.4  0.816E-19;  19.8  0.000E+00;  23.6  0.000E+00;  25.6  0.000E+00;
  28.9  0.000E+00;  19.8  0.000E+00;  20.4  0.000E+00;  23.0  0.000E+00;
  23.3  0.000E+00;  23.3  0.000E+00;  23.6  0.000E+00;  24.2  0.000E+00;
  25.2  0.000E+00;  25.6  0.000E+00;  28.9  0.000E+00;  30.7  0.000E+00;
H:  X  Y  '246Bk  '
C 246Bk  
  50.4  0.412E-22;  19.8  0.000E+00;  23.6  0.000E+00;  25.6  0.000E+00;
  28.9  0.000E+00;  19.8  0.000E+00;  20.4  0.000E+00;  23.0  0.000E+00;
  23.3  0.000E+00;  23.3  0.000E+00;  23.6  0.000E+00;  24.2  0.000E+00;
  25.2  0.000E+00;  25.6  0.000E+00;  28.9  0.000E+00;  30.7  0.000E+00;
H:  X  Y  '245Bk  '
C 245Bk  
  50.4  0.184E-11;  19.8  0.000E+00;  23.6  0.000E+00;  25.6  0.000E+00;
  28.9  0.000E+00;  19.8  0.000E+00;  20.4  0.000E+00;  23.0  0.000E+00;
  23.3  0.000E+00;  23.3  0.000E+00;  23.6  0.000E+00;  24.2  0.000E+00;
  25.2  0.000E+00;  25.6  0.000E+00;  28.9  0.000E+00;  30.7  0.642E-19;
H:  X  Y  '244Bk  '
C 244Bk  
  50.4  0.424E-12;  19.8  0.000E+00;  23.6  0.000E+00;  25.6  0.000E+00;
  28.9  0.000E+00;  19.8  0.000E+00;  20.4  0.000E+00;  23.0  0.000E+00;
  23.3  0.000E+00;  23.3  0.000E+00;  23.6  0.000E+00;  24.2  0.000E+00;
  25.2  0.000E+00;  25.6  0.000E+00;  28.9  0.000E+00;  30.7  0.000E+00;
H:   X Y  'SIGFUS'
C EXCIT VS SIGFUS(MB)
  50.4  0.233E+03;  19.8  0.672E+00;  23.6  0.656E+01;  25.6  0.151E+02;
  28.9  0.389E+02;  19.8  0.672E+00;  20.4  0.108E+01;  23.0  0.499E+01;
  23.3  0.562E+01;  23.3  0.584E+01;  23.6  0.656E+01;  24.2  0.846E+01;
  25.2  0.130E+02;  25.6  0.151E+02;  28.9  0.389E+02;  30.7  0.571E+02;
H:   X Y  'SIGER'
C EXCIT VS SIGEVA(MB)
  50.4  0.133E-05;  19.8  0.286E-03;  23.6  0.119E-02;  25.6  0.833E-03;
  28.9  0.337E-03;  19.8  0.286E-03;  20.4  0.427E-03;  23.0  0.125E-02;
  23.3  0.126E-02;  23.3  0.124E-02;  23.6  0.119E-02;  24.2  0.123E-02;
  25.2  0.995E-03;  25.6  0.833E-03;  28.9  0.337E-03;  30.7  0.320E-03;
H:   X Y 'SIGFISS'
C EXCIT VS SIGFISS(MB)
  50.4  0.233E+03;  19.8  0.671E+00;  23.6  0.656E+01;  25.6  0.151E+02;
  28.9  0.389E+02;  19.8  0.671E+00;  20.4  0.108E+01;  23.0  0.499E+01;
  23.3  0.562E+01;  23.3  0.584E+01;  23.6  0.656E+01;  24.2  0.846E+01;
  25.2  0.130E+02;  25.6  0.151E+02;  28.9  0.389E+02;  30.7  0.571E+02;
H: X Y  'No  '
  50.4  0.562E-06;  19.8  0.285E-03;  23.6  0.118E-02;  25.6  0.823E-03;
  28.9  0.314E-03;  19.8  0.285E-03;  20.4  0.424E-03;  23.0  0.124E-02;
  23.3  0.125E-02;  23.3  0.124E-02;  23.6  0.118E-02;  24.2  0.122E-02;
  25.2  0.986E-03;  25.6  0.823E-03;  28.9  0.314E-03;  30.7  0.298E-03;
H: X Y  'Md  '
  50.4  0.380E-06;  19.8  0.111E-05;  23.6  0.348E-05;  25.6  0.667E-05;
  28.9  0.141E-04;  19.8  0.111E-05;  20.4  0.145E-05;  23.0  0.305E-05;
  23.3  0.313E-05;  23.3  0.321E-05;  23.6  0.348E-05;  24.2  0.402E-05;
  25.2  0.574E-05;  25.6  0.667E-05;  28.9  0.141E-04;  30.7  0.121E-04;
H: X Y  'Fm  '
  50.4  0.366E-06;  19.8  0.402E-06;  23.6  0.228E-05;  25.6  0.387E-05;
  28.9  0.869E-05;  19.8  0.402E-06;  20.4  0.606E-06;  23.0  0.200E-05;
  23.3  0.209E-05;  23.3  0.212E-05;  23.6  0.228E-05;  24.2  0.267E-05;
  25.2  0.352E-05;  25.6  0.387E-05;  28.9  0.869E-05;  30.7  0.951E-05;
H: X Y  'Es  '
  50.4  0.181E-07;  19.8  0.785E-15;  23.6  0.168E-11;  25.6  0.187E-10;
  28.9  0.295E-09;  19.8  0.785E-15;  20.4  0.570E-14;  23.0  0.739E-12;
  23.3  0.103E-11;  23.3  0.122E-11;  23.6  0.168E-11;  24.2  0.340E-11;
  25.2  0.118E-10;  25.6  0.187E-10;  28.9  0.295E-09;  30.7  0.925E-09;
H: X Y  'Cf  '
  50.4  0.774E-08;  19.8  0.000E+00;  23.6  0.000E+00;  25.6  0.000E+00;
  28.9  0.723E-10;  19.8  0.000E+00;  20.4  0.000E+00;  23.0  0.000E+00;
  23.3  0.000E+00;  23.3  0.000E+00;  23.6  0.000E+00;  24.2  0.000E+00;
  25.2  0.000E+00;  25.6  0.000E+00;  28.9  0.723E-10;  30.7  0.232E-09;
H: X Y  'Bk  '
  50.4  0.226E-11;  19.8  0.000E+00;  23.6  0.000E+00;  25.6  0.000E+00;
  28.9  0.000E+00;  19.8  0.000E+00;  20.4  0.000E+00;  23.0  0.000E+00;
  23.3  0.000E+00;  23.3  0.000E+00;  23.6  0.000E+00;  24.2  0.000E+00;
  25.2  0.000E+00;  25.6  0.000E+00;  28.9  0.000E+00;  30.7  0.642E-19;
C   QC= -152.73    AT/ACN=   0.8110    NEXC=  16
C RESC  X0  152.734  X1  1.       FROM 1    SHIFT TO ECM
C RESC  X0  188.323  X1   1.23301 FROM 1    SHIFT TO ELAB
C RESC  X0    3.923  X1  0.025688 FROM 1    SHIFT TO MEV/U
H:  X  Y  '253No  '
C 253No  
  36.6  0.000E+00;  40.0  0.000E+00;  41.2  0.000E+00;  43.9  0.000E+00;
  23.6  0.188E-04;  28.9  0.420E-06;  30.7  0.000E+00;  36.6  0.000E+00;
  40.0  0.000E+00;  41.2  0.000E+00;  43.9  0.000E+00;  40.0  0.000E+00;
  41.2  0.000E+00;  43.9  0.000E+00;
H:  X  Y  '252No  '
C 252No  
  36.6  0.860E-06;  40.0  0.466E-07;  41.2  0.000E+00;  43.9  0.000E+00;
  23.6  0.116E-02;  28.9  0.190E-03;  30.7  0.608E-04;  36.6  0.860E-06;
  40.0  0.466E-07;  41.2  0.000E+00;  43.9  0.000E+00;  40.0  0.466E-07;
  41.2  0.000E+00;  43.9  0.000E+00;
H:  X  Y  '251No  '
C 251No  
  36.6  0.581E-04;  40.0  0.101E-04;  41.2  0.516E-05;  43.9  0.977E-06;
  23.6  0.554E-07;  28.9  0.123E-03;  30.7  0.237E-03;  36.6  0.581E-04;
  40.0  0.101E-04;  41.2  0.516E-05;  43.9  0.977E-06;  40.0  0.101E-04;
  41.2  0.516E-05;  43.9  0.977E-06;
H:  X  Y  '250No  '
C 250No  
  36.6  0.228E-05;  40.0  0.612E-05;  41.2  0.591E-05;  43.9  0.390E-05;
  23.6  0.000E+00;  28.9  0.000E+00;  30.7  0.539E-09;  36.6  0.228E-05;
  40.0  0.612E-05;  41.2  0.591E-05;  43.9  0.390E-05;  40.0  0.612E-05;
  41.2  0.591E-05;  43.9  0.390E-05;
H:  X  Y  '249No  '
C 249No  
  36.6  0.000E+00;  40.0  0.293E-10;  41.2  0.301E-09;  43.9  0.114E-07;
  23.6  0.000E+00;  28.9  0.000E+00;  30.7  0.000E+00;  36.6  0.000E+00;
  40.0  0.293E-10;  41.2  0.301E-09;  43.9  0.114E-07;  40.0  0.293E-10;
  41.2  0.301E-09;  43.9  0.114E-07;
H:  X  Y  '253Md  '
C 253Md  
  36.6  0.898E-09;  40.0  0.000E+00;  41.2  0.000E+00;  43.9  0.000E+00;
  23.6  0.213E-05;  28.9  0.290E-06;  30.7  0.919E-07;  36.6  0.898E-09;
  40.0  0.000E+00;  41.2  0.000E+00;  43.9  0.000E+00;  40.0  0.000E+00;
  41.2  0.000E+00;  43.9  0.000E+00;
H:  X  Y  '252Md  '
C 252Md  
  36.6  0.881E-06;  40.0  0.111E-06;  41.2  0.542E-07;  43.9  0.828E-08;
  23.6  0.135E-05;  28.9  0.137E-04;  30.7  0.114E-04;  36.6  0.881E-06;
  40.0  0.111E-06;  41.2  0.542E-07;  43.9  0.828E-08;  40.0  0.111E-06;
  41.2  0.542E-07;  43.9  0.828E-08;
H:  X  Y  '251Md  '
C 251Md  
  36.6  0.382E-05;  40.0  0.235E-05;  41.2  0.171E-05;  43.9  0.599E-06;
  23.6  0.000E+00;  28.9  0.102E-06;  30.7  0.537E-06;  36.6  0.382E-05;
  40.0  0.235E-05;  41.2  0.171E-05;  43.9  0.599E-06;  40.0  0.235E-05;
  41.2  0.171E-05;  43.9  0.599E-06;
H:  X  Y  '250Md  '
C 250Md  
  36.6  0.307E-08;  40.0  0.664E-07;  41.2  0.127E-06;  43.9  0.350E-06;
  23.6  0.000E+00;  28.9  0.000E+00;  30.7  0.000E+00;  36.6  0.307E-08;
  40.0  0.664E-07;  41.2  0.127E-06;  43.9  0.350E-06;  40.0  0.664E-07;
  41.2  0.127E-06;  43.9  0.350E-06;
H:  X  Y  '249Md  '
C 249Md  
  36.6  0.000E+00;  40.0  0.000E+00;  41.2  0.685E-12;  43.9  0.631E-10;
  23.6  0.000E+00;  28.9  0.000E+00;  30.7  0.000E+00;  36.6  0.000E+00;
  40.0  0.000E+00;  41.2  0.685E-12;  43.9  0.631E-10;  40.0  0.000E+00;
  41.2  0.685E-12;  43.9  0.631E-10;
H:  X  Y  '252Fm  '
C 252Fm  
  36.6  0.287E-08;  40.0  0.157E-08;  41.2  0.112E-08;  43.9  0.386E-09;
  23.6  0.206E-11;  28.9  0.337E-09;  30.7  0.960E-09;  36.6  0.287E-08;
  40.0  0.157E-08;  41.2  0.112E-08;  43.9  0.386E-09;  40.0  0.157E-08;
  41.2  0.112E-08;  43.9  0.386E-09;
H:  X  Y  '251Fm  '
C 251Fm  
  36.6  0.133E-08;  40.0  0.454E-08;  41.2  0.576E-08;  43.9  0.720E-08;
  23.6  0.000E+00;  28.9  0.553E-12;  30.7  0.109E-10;  36.6  0.133E-08;
  40.0  0.454E-08;  41.2  0.576E-08;  43.9  0.720E-08;  40.0  0.454E-08;
  41.2  0.576E-08;  43.9  0.720E-08;
H:  X  Y  '250Fm  '
C 250Fm  
  36.6  0.266E-08;  40.0  0.000E+00;  41.2  0.000E+00;  43.9  0.719E-10;
  23.6  0.170E-05;  28.9  0.453E-06;  30.7  0.163E-06;  36.6  0.266E-08;
  40.0  0.000E+00;  41.2  0.000E+00;  43.9  0.719E-10;  40.0  0.000E+00;
  41.2  0.000E+00;  43.9  0.719E-10;
H:  X  Y  '249Fm  '
C 249Fm  
  36.6  0.136E-05;  40.0  0.201E-06;  41.2  0.102E-06;  43.9  0.166E-07;
  23.6  0.581E-06;  28.9  0.819E-05;  30.7  0.913E-05;  36.6  0.136E-05;
  40.0  0.201E-06;  41.2  0.102E-06;  43.9  0.166E-07;  40.0  0.201E-06;
  41.2  0.102E-06;  43.9  0.166E-07;
H:  X  Y  '248Fm  '
C 248Fm  
  36.6  0.226E-05;  40.0  0.209E-05;  41.2  0.166E-05;  43.9  0.728E-06;
  23.6  0.000E+00;  28.9  0.452E-07;  30.7  0.214E-06;  36.6  0.226E-05;
  40.0  0.209E-05;  41.2  0.166E-05;  43.9  0.728E-06;  40.0  0.209E-05;
  41.2  0.166E-05;  43.9  0.728E-06;
H:  X  Y  '247Fm  '
C 247Fm  
  36.6  0.176E-08;  40.0  0.305E-07;  41.2  0.602E-07;  43.9  0.192E-06;
  23.6  0.000E+00;  28.9  0.000E+00;  30.7  0.000E+00;  36.6  0.176E-08;
  40.0  0.305E-07;  41.2  0.602E-07;  43.9  0.192E-06;  40.0  0.305E-07;
  41.2  0.602E-07;  43.9  0.192E-06;
H:  X  Y  '251Es  '
C 251Es  
  36.6  0.217E-15;  40.0  0.543E-14;  41.2  0.128E-13;  43.9  0.746E-13;
  23.6  0.000E+00;  28.9  0.000E+00;  30.7  0.107E-19;  36.6  0.217E-15;
  40.0  0.543E-14;  41.2  0.128E-13;  43.9  0.746E-13;  40.0  0.543E-14;
  41.2  0.128E-13;  43.9  0.746E-13;
H:  X  Y  '250Es  '
C 250Es  
  36.6  0.716E-21;  40.0  0.346E-17;  41.2  0.293E-16;  43.9  0.123E-14;
  23.6  0.000E+00;  28.9  0.000E+00;  30.7  0.000E+00;  36.6  0.716E-21;
  40.0  0.346E-17;  41.2  0.293E-16;  43.9  0.123E-14;  40.0  0.346E-17;
  41.2  0.293E-16;  43.9  0.123E-14;
H:  X  Y  '249Es  '
C 249Es  
  36.6  0.531E-08;  40.0  0.438E-08;  41.2  0.355E-08;  43.9  0.159E-08;
  23.6  0.168E-11;  28.9  0.294E-09;  30.7  0.920E-09;  36.6  0.531E-08;
  40.0  0.438E-08;  41.2  0.355E-08;  43.9  0.159E-08;  40.0  0.438E-08;
  41.2  0.355E-08;  43.9  0.159E-08;
H:  X  Y  '248Es  '
C 248Es  
  36.6  0.105E-08;  40.0  0.532E-08;  41.2  0.774E-08;  43.9  0.136E-07;
  23.6  0.000E+00;  28.9  0.208E-12;  30.7  0.488E-11;  36.6  0.105E-08;
  40.0  0.532E-08;  41.2  0.774E-08;  43.9  0.136E-07;  40.0  0.532E-08;
  41.2  0.774E-08;  43.9  0.136E-07;
H:  X  Y  '247Es  '
C 247Es  
  36.6  0.240E-12;  40.0  0.180E-10;  41.2  0.558E-10;  43.9  0.452E-09;
  23.6  0.000E+00;  28.9  0.000E+00;  30.7  0.000E+00;  36.6  0.240E-12;
  40.0  0.180E-10;  41.2  0.558E-10;  43.9  0.452E-09;  40.0  0.180E-10;
  41.2  0.558E-10;  43.9  0.452E-09;
H:  X  Y  '246Es  '
C 246Es  
  36.6  0.000E+00;  40.0  0.000E+00;  41.2  0.000E+00;  43.9  0.501E-14;
  23.6  0.000E+00;  28.9  0.000E+00;  30.7  0.000E+00;  36.6  0.000E+00;
  40.0  0.000E+00;  41.2  0.000E+00;  43.9  0.501E-14;  40.0  0.000E+00;
  41.2  0.000E+00;  43.9  0.501E-14;
H:  X  Y  '250Cf  '
C 250Cf  
  36.6  0.000E+00;  40.0  0.882E-27;  41.2  0.162E-25;  43.9  0.380E-23;
  23.6  0.000E+00;  28.9  0.000E+00;  30.7  0.000E+00;  36.6  0.000E+00;
  40.0  0.882E-27;  41.2  0.162E-25;  43.9  0.380E-23;  40.0  0.882E-27;
  41.2  0.162E-25;  43.9  0.380E-23;
H:  X  Y  '248Cf  '
C 248Cf  
  36.6  0.771E-15;  40.0  0.141E-13;  41.2  0.318E-13;  43.9  0.176E-12;
  23.6  0.000E+00;  28.9  0.352E-20;  30.7  0.233E-18;  36.6  0.771E-15;
  40.0  0.141E-13;  41.2  0.318E-13;  43.9  0.176E-12;  40.0  0.141E-13;
  41.2  0.318E-13;  43.9  0.176E-12;
H:  X  Y  '247Cf  '
C 247Cf  
  36.6  0.452E-19;  40.0  0.475E-16;  41.2  0.248E-15;  43.9  0.661E-14;
  23.6  0.000E+00;  28.9  0.000E+00;  30.7  0.000E+00;  36.6  0.452E-19;
  40.0  0.475E-16;  41.2  0.248E-15;  43.9  0.661E-14;  40.0  0.475E-16;
  41.2  0.248E-15;  43.9  0.661E-14;
H:  X  Y  '246Cf  '
C 246Cf  
  36.6  0.182E-08;  40.0  0.219E-08;  41.2  0.199E-08;  43.9  0.120E-08;
  23.6  0.000E+00;  28.9  0.721E-10;  30.7  0.230E-09;  36.6  0.182E-08;
  40.0  0.219E-08;  41.2  0.199E-08;  43.9  0.120E-08;  40.0  0.219E-08;
  41.2  0.199E-08;  43.9  0.120E-08;
H:  X  Y  '245Cf  '
C 245Cf  
  36.6  0.392E-09;  40.0  0.208E-08;  41.2  0.313E-08;  43.9  0.654E-08;
  23.6  0.000E+00;  28.9  0.194E-12;  30.7  0.254E-11;  36.6  0.392E-09;
  40.0  0.208E-08;  41.2  0.313E-08;  43.9  0.654E-08;  40.0  0.208E-08;
  41.2  0.313E-08;  43.9  0.654E-08;
H:  X  Y  '247Bk  '
C 247Bk  
  36.6  0.000E+00;  40.0  0.154E-26;  41.2  0.449E-25;  43.9  0.132E-22;
  23.6  0.000E+00;  28.9  0.000E+00;  30.7  0.000E+00;  36.6  0.000E+00;
  40.0  0.154E-26;  41.2  0.449E-25;  43.9  0.132E-22;  40.0  0.154E-26;
  41.2  0.449E-25;  43.9  0.132E-22;
H:  X  Y  '245Bk  '
C 245Bk  
  36.6  0.353E-15;  40.0  0.711E-14;  41.2  0.165E-13;  43.9  0.100E-12;
  23.6  0.000E+00;  28.9  0.000E+00;  30.7  0.642E-19;  36.6  0.353E-15;
  40.0  0.711E-14;  41.2  0.165E-13;  43.9  0.100E-12;  40.0  0.711E-14;
  41.2  0.165E-13;  43.9  0.100E-12;
H:  X  Y  '244Bk  '
C 244Bk  
  36.6  0.282E-20;  40.0  0.737E-17;  41.2  0.406E-16;  43.9  0.168E-14;
  23.6  0.000E+00;  28.9  0.000E+00;  30.7  0.000E+00;  36.6  0.282E-20;
  40.0  0.737E-17;  41.2  0.406E-16;  43.9  0.168E-14;  40.0  0.737E-17;
  41.2  0.406E-16;  43.9  0.168E-14;
H:   X Y  'SIGFUS'
C EXCIT VS SIGFUS(MB)
  36.6  0.120E+03;  40.0  0.153E+03;  41.2  0.163E+03;  43.9  0.187E+03;
  23.6  0.656E+01;  28.9  0.389E+02;  30.7  0.571E+02;  36.6  0.120E+03;
  40.0  0.153E+03;  41.2  0.163E+03;  43.9  0.187E+03;  40.0  0.153E+03;
  41.2  0.163E+03;  43.9  0.187E+03;
H:   X Y  'SIGER'
C EXCIT VS SIGEVA(MB)
  36.6  0.696E-04;  40.0  0.211E-04;  41.2  0.148E-04;  43.9  0.681E-05;
  23.6  0.119E-02;  28.9  0.337E-03;  30.7  0.320E-03;  36.6  0.696E-04;
  40.0  0.211E-04;  41.2  0.148E-04;  43.9  0.681E-05;  40.0  0.211E-04;
  41.2  0.148E-04;  43.9  0.681E-05;
H:   X Y 'SIGFISS'
C EXCIT VS SIGFISS(MB)
  36.6  0.120E+03;  40.0  0.153E+03;  41.2  0.163E+03;  43.9  0.187E+03;
  23.6  0.656E+01;  28.9  0.389E+02;  30.7  0.571E+02;  36.6  0.120E+03;
  40.0  0.153E+03;  41.2  0.163E+03;  43.9  0.187E+03;  40.0  0.153E+03;
  41.2  0.163E+03;  43.9  0.187E+03;
H: X Y  'No  '
  36.6  0.613E-04;  40.0  0.163E-04;  41.2  0.111E-04;  43.9  0.489E-05;
  23.6  0.118E-02;  28.9  0.314E-03;  30.7  0.298E-03;  36.6  0.613E-04;
  40.0  0.163E-04;  41.2  0.111E-04;  43.9  0.489E-05;  40.0  0.163E-04;
  41.2  0.111E-04;  43.9  0.489E-05;
H: X Y  'Md  '
  36.6  0.471E-05;  40.0  0.253E-05;  41.2  0.189E-05;  43.9  0.958E-06;
  23.6  0.348E-05;  28.9  0.141E-04;  30.7  0.121E-04;  36.6  0.471E-05;
  40.0  0.253E-05;  41.2  0.189E-05;  43.9  0.958E-06;  40.0  0.253E-05;
  41.2  0.189E-05;  43.9  0.958E-06;
H: X Y  'Fm  '
  36.6  0.363E-05;  40.0  0.233E-05;  41.2  0.183E-05;  43.9  0.945E-06;
  23.6  0.228E-05;  28.9  0.869E-05;  30.7  0.951E-05;  36.6  0.363E-05;
  40.0  0.233E-05;  41.2  0.183E-05;  43.9  0.945E-06;  40.0  0.233E-05;
  41.2  0.183E-05;  43.9  0.945E-06;
H: X Y  'Es  '
  36.6  0.636E-08;  40.0  0.973E-08;  41.2  0.113E-07;  43.9  0.157E-07;
  23.6  0.168E-11;  28.9  0.295E-09;  30.7  0.925E-09;  36.6  0.636E-08;
  40.0  0.973E-08;  41.2  0.113E-07;  43.9  0.157E-07;  40.0  0.973E-08;
  41.2  0.113E-07;  43.9  0.157E-07;
H: X Y  'Cf  '
  36.6  0.221E-08;  40.0  0.427E-08;  41.2  0.512E-08;  43.9  0.774E-08;
  23.6  0.000E+00;  28.9  0.723E-10;  30.7  0.232E-09;  36.6  0.221E-08;
  40.0  0.427E-08;  41.2  0.512E-08;  43.9  0.774E-08;  40.0  0.427E-08;
  41.2  0.512E-08;  43.9  0.774E-08;
H: X Y  'Bk  '
  36.6  0.353E-15;  40.0  0.712E-14;  41.2  0.166E-13;  43.9  0.102E-12;
  23.6  0.000E+00;  28.9  0.000E+00;  30.7  0.642E-19;  36.6  0.353E-15;
  40.0  0.712E-14;  41.2  0.166E-13;  43.9  0.102E-12;  40.0  0.712E-14;
  41.2  0.166E-13;  43.9  0.102E-12;
C   QC= -152.73    AT/ACN=   0.8110    NEXC=  14
C RESC  X0  152.734  X1  1.       FROM 1    SHIFT TO ECM
C RESC  X0  188.323  X1   1.23301 FROM 1    SHIFT TO ELAB
C RESC  X0    3.923  X1  0.025688 FROM 1    SHIFT TO MEV/U
